t(min) runoff_rate(mm/h)
  0.17   0.19091924
  0.27   0.41741644
  0.37   0.71028191
  0.43   0.91257938
  0.49   1.13783652
  0.55   1.38077103
  0.61   1.64234766
  0.67   1.92169269
  0.73   2.21833969
  0.79   2.53175609
  0.82   2.72555099
  0.86   2.92937538
  0.89   3.13677887
  0.93   3.34987507
  0.97   3.56850990
  1.00   3.79264185
  1.04   4.02219934
  1.07   4.25712042
  1.11   4.49734404
  1.15   4.74281244
  1.18   4.99347006
  1.22   5.24926374
  1.25   5.51014236
  1.29   5.77605683
  1.33   6.04695987
  1.36   6.32280594
  1.40   6.60355110
  1.43   6.88915297
  1.47   7.17957057
  1.51   7.47476427
  1.54   7.77469572
  1.58   8.07932777
  1.60   8.26054564
  1.62   8.45082666
  1.64   8.63930738
  1.67   8.82937690
  1.69   9.02104433
  1.71   9.21435165
  1.73   9.40929297
  1.75   9.60586299
  1.77   9.80405504
  1.79  10.00386255
  1.82  10.20527902
  1.84  10.40829805
  1.86  10.61291334
  1.88  10.81911867
  1.90  11.02690795
  1.92  11.23627516
  1.95  11.44721436
  1.97  11.65971973
  1.99  11.87378549
  2.01  12.08940601
  2.03  12.30657566
  2.05  12.52528897
  2.08  12.74554048
  2.10  12.96732485
  2.12  13.19063681
  2.14  13.41547112
  2.16  13.64182268
  2.18  13.86968637
  2.21  14.09905724
  2.23  14.32993031
  2.25  14.56230074
  2.27  14.79616369
  2.29  15.03151445
  2.31  15.26834828
  2.33  15.50666059
  2.36  15.74644678
  2.38  15.98770235
  2.40  16.23042282
  2.42  16.47460381
  2.44  16.72024093
  2.46  16.96732990
  2.48  17.11165637
  2.49  17.26467647
  2.50  17.41541409
  2.52  17.56612812
  2.53  17.71721686
  2.54  17.86877915
  2.55  18.02084311
  2.57  18.17341712
  2.58  18.32650342
  2.59  18.48010226
  2.61  18.63421313
  2.62  18.78883544
  2.63  18.94396820
  2.65  19.09961086
  2.66  19.25576232
  2.67  19.41242197
  2.68  19.56958886
  2.70  19.72726223
  2.71  19.88544125
  2.72  20.04412511
  2.74  20.20331302
  2.75  20.36300418
  2.76  20.52319779
  2.78  20.68389307
  2.79  20.84508923
  2.80  21.00678550
  2.81  21.16898111
  2.83  21.33167529
  2.84  21.49486727
  2.85  21.65855630
  2.87  21.82274162
  2.88  21.98742248
  2.89  22.15259815
  2.90  22.31826787
  2.92  22.48443092
  2.93  22.65108656
  2.94  22.81823406
  2.96  22.98587271
  2.97  23.15400178
  2.98  23.32262056
  3.00  23.49172833
  3.01  23.66132440
  3.02  23.83140806
  3.03  24.00197861
  3.05  24.17303536
  3.06  24.34457762
  3.07  24.51660470
  3.09  24.68911591
  3.10  24.86211059
  3.11  25.03558806
  3.13  25.20954763
  3.14  25.38398866
  3.15  25.55891047
  3.16  25.73431240
  3.18  25.91019380
  3.19  26.08655402
  3.20  26.26339240
  3.22  26.44070830
  3.23  26.61850107
  3.24  26.79677009
  3.25  26.97551470
  3.27  27.15473429
  3.28  27.33442822
  3.29  27.51459587
  3.31  27.69523661
  3.32  27.87634982
  3.33  28.05793490
  3.35  28.23999122
  3.36  28.42251818
  3.37  28.60551518
  3.38  28.78898160
  3.40  28.97291685
  3.41  29.15732033
  3.42  29.34219146
  3.44  29.52752962
  3.45  29.71333425
  3.46  29.89960476
  3.48  30.08634055
  3.49  30.27354106
  3.50  30.46120571
  3.51  30.64933392
  3.53  30.83792512
  3.54  31.02697875
  3.55  31.21649424
  3.57  31.40647103
  3.58  31.59690856
  3.59  31.78780627
  3.60  31.97916361
  3.62  32.17098002
  3.63  32.36325496
  3.64  32.55598788
  3.66  32.74917824
  3.67  32.94282550
  3.68  33.13692911
  3.70  33.33148855
  3.71  33.52650327
  3.72  33.72197276
  3.73  33.91789647
  3.75  34.11427388
  3.76  34.31110448
  3.77  34.50838773
  3.79  34.70612312
  3.80  34.90431014
  3.81  35.10294826
  3.83  35.30203698
  3.84  35.50157579
  3.85  35.70156418
  3.86  35.90200165
  3.88  36.10288768
  3.89  36.30422180
  3.90  36.50600348
  3.92  36.70823224
  3.93  36.91090759
  3.94  37.11402903
  3.95  37.31759608
  3.97  37.52160824
  3.98  37.72606503
  3.99  37.93096597
  4.01  38.13631058
  4.02  38.34209838
  4.03  38.54832889
  4.05  38.75500163
  4.06  38.96211614
  4.07  39.16967194
  4.08  39.37766857
  4.10  39.58610556
  4.11  39.79498243
  4.12  40.00429874
  4.14  40.21405402
  4.15  40.42424781
  4.16  40.63487965
  4.17  40.84594909
  4.19  41.05745567
  4.20  41.26939895
  4.21  41.48177847
  4.23  41.69459379
  4.24  41.90784446
  4.25  42.12153004
  4.27  42.33565008
  4.28  42.55020414
  4.29  42.76519179
  4.30  42.98061259
  4.32  43.19646610
  4.33  43.41275190
  4.34  43.62946953
  4.36  43.84661860
  4.37  44.06419864
  4.38  44.28220925
  4.40  44.50065000
  4.41  44.71952046
  4.42  44.93882024
  4.43  45.15854884
  4.45  45.37870600
  4.46  45.59929100
  4.47  45.82030397
  4.49  46.04174360
  4.50  46.26361086
  4.51  46.48590332
  4.52  46.70862340
  4.54  46.93176686
  4.55  47.15533833
  4.56  47.37933100
  4.58  47.60375234
  4.59  47.82859267
  4.60  48.05386192
  4.62  48.27954920
  4.63  48.50566296
  4.64  48.73219891
  4.65  48.95914994
  4.67  49.18654236
  4.68  49.41431365
  4.69  49.64258698
  4.71  49.87113177
  4.72  50.10036506
  4.73  50.32953654
  4.75  50.55998835
  4.76  50.78932853
  4.77  50.92160265
  4.77  51.06412924
  4.78  51.20521715
  4.79  51.34391438
  4.80  51.48338706
  4.80  51.62245518
  4.81  51.76184215
  4.82  51.90127561
  4.83  52.04088443
  4.84  52.18062920
  4.84  52.32052532
  4.85  52.46056985
  4.86  52.60076386
  4.87  52.74110727
  4.87  52.88160018
  4.88  53.02224246
  4.89  53.16303412
  4.90  53.30397505
  4.91  53.44506520
  4.91  53.58630447
  4.92  53.72769279
  4.93  53.86923009
  4.94  54.01091629
  4.94  54.15275130
  4.95  54.29473506
  4.96  54.43686748
  4.97  54.57914848
  4.98  54.72157800
  4.98  54.86415594
  4.99  55.00688223
  5.00  55.14975681
  5.01  55.29277958
  5.01  55.43595047
  5.02  55.57926941
  5.03  55.72273632
  5.04  55.86635113
  5.05  56.01011375
  5.05  56.15402411
  5.06  56.29808213
  5.07  56.44228775
  5.08  56.58664088
  5.08  56.73114145
  5.09  56.87578938
  5.10  57.02058460
  5.11  57.16552704
  5.12  57.31061661
  5.12  57.45585325
  5.13  57.60123688
  5.14  57.74676742
  5.15  57.89244481
  5.15  58.03826896
  5.16  58.18423981
  5.17  58.33035727
  5.18  58.47662128
  5.19  58.62303177
  5.19  58.76958866
  5.20  58.91629187
  5.21  59.06314134
  5.22  59.21013698
  5.22  59.35727874
  5.23  59.50456653
  5.24  59.65200028
  5.25  59.79957993
  5.26  59.94730540
  5.26  60.09517661
  5.27  60.24319350
  5.28  60.39135599
  5.29  60.53966401
  5.29  60.68811750
  5.30  60.83671637
  5.31  60.98546056
  5.32  61.13435000
  5.33  61.28338462
  5.33  61.43256434
  5.34  61.58188910
  5.35  61.73135882
  5.36  61.88097344
  5.36  62.03073288
  5.37  62.18063708
  5.38  62.33068596
  5.39  62.48087946
  5.40  62.63121750
  5.40  62.78170002
  5.41  62.93232695
  5.42  63.08309821
  5.43  63.23401374
  5.43  63.38507347
  5.44  63.53627733
  5.45  63.68762525
  5.46  63.83911717
  5.47  63.99075301
  5.47  64.14253271
  5.48  64.29445619
  5.49  64.44652340
  5.50  64.59873426
  5.50  64.75108870
  5.51  64.90358667
  5.52  65.05622808
  5.53  65.20901287
  5.54  65.36194098
  5.54  65.51501234
  5.55  65.66822687
  5.56  65.82158453
  5.57  65.97508523
  5.57  66.12872891
  5.58  66.28251550
  5.59  66.43644494
  5.60  66.59051717
  5.61  66.74473210
  5.61  66.89908969
  5.62  67.05358987
  5.63  67.20823256
  5.64  67.36301770
  5.64  67.51794523
  5.65  67.67301508
  5.66  67.82822719
  5.67  67.98358148
  5.68  68.13907791
  5.68  68.29471639
  5.69  68.45049687
  5.70  68.60641928
  5.71  68.76248356
  5.71  68.91868964
  5.72  69.07503745
  5.73  69.23152694
  5.74  69.38815804
  5.75  69.54493068
  5.75  69.70184481
  5.76  69.85890035
  5.77  70.01609724
  5.78  70.17343542
  5.78  70.33091484
  5.79  70.48853541
  5.80  70.64629709
  5.81  70.80419981
  5.82  70.96224350
  5.82  71.12042810
  5.83  71.27875355
  5.84  71.43721979
  5.85  71.59582676
  5.85  71.75457438
  5.86  71.91346261
  5.87  72.07249137
  5.88  72.23166060
  5.89  72.39097025
  5.89  72.55042025
  5.90  72.71001054
  5.91  72.86974106
  5.92  73.02961174
  5.92  73.18962253
  5.93  73.34977336
  5.94  73.51006418
  5.95  73.67049492
  5.96  73.83106552
  5.96  73.99177592
  5.97  74.15262606
  5.98  74.31361588
  5.99  74.47474532
  5.99  74.63601432
  6.00  74.79742282
  6.01  74.95897075
  6.02  75.12065806
  6.03  75.28248469
  6.03  75.44445057
  6.04  75.60655564
  6.05  75.76879985
  6.06  75.93118314
  6.06  76.09370543
  6.07  76.25636668
  6.08  76.41916682
  6.09  76.58210580
  6.10  76.74518355
  6.10  76.90840002
  6.11  77.07175515
  6.12  77.23524887
  6.13  77.39888114
  6.13  77.56265190
  6.14  77.72656107
  6.15  77.89060862
  6.16  78.05479448
  6.17  78.21911860
  6.17  78.38358090
  6.18  78.54818135
  6.19  78.71291988
  6.20  78.87779644
  6.20  79.04281096
  6.21  79.20796339
  6.22  79.37325366
  6.23  79.53868174
  6.24  79.70424755
  6.24  79.86995103
  6.25  80.03579214
  6.26  80.20177081
  6.27  80.36788698
  6.27  80.53414061
  6.28  80.70053162
  6.29  80.86705997
  6.30  81.03372560
  6.31  81.20052844
  6.31  81.36746846
  6.32  81.53454557
  6.33  81.70175974
  6.34  81.86911090
  6.34  82.03659900
  6.35  82.20422399
  6.36  82.37198580
  6.37  82.53988438
  6.38  82.70791967
  6.38  82.87609163
  6.39  83.04440019
  6.40  83.21284529
  6.41  83.38142689
  6.41  83.55014493
  6.42  83.71899935
  6.43  83.88799010
  6.44  84.05711712
  6.45  84.22638036
  6.45  84.39577977
  6.46  84.56531528
  6.47  84.73498685
  6.48  84.90479442
  6.48  85.07473793
  6.49  85.24481733
  6.50  85.41503258
  6.51  85.58538360
  6.52  85.75587036
  6.52  85.92649279
  6.53  86.09725084
  6.54  86.26814446
  6.55  86.43917359
  6.55  86.61033818
  6.56  86.78163818
  6.57  86.95307353
  6.58  87.12464418
  6.59  87.29635007
  6.59  87.46819116
  6.60  87.64016738
  6.61  87.81227870
  6.62  87.98452504
  6.62  88.15690637
  6.63  88.32942262
  6.64  88.50207375
  6.65  88.67485970
  6.66  88.84778042
  6.66  89.02083586
  6.67  89.19402596
  6.68  89.36735067
  6.69  89.54080994
  6.69  89.71440372
  6.70  89.88813196
  6.71  90.06199460
  6.72  90.23599159
  6.73  90.41012288
  6.73  90.58438842
  6.74  90.75878815
  6.75  90.93332203
  6.76  91.10799001
  6.76  91.28279202
  6.77  91.45772803
  6.78  91.63279797
  6.79  91.80800180
  6.80  91.98333947
  6.80  92.15881092
  6.81  92.33441611
  6.82  92.51015499
  6.83  92.68602749
  6.83  92.86203358
  6.84  93.03817320
  6.85  93.21444630
  6.86  93.39085284
  6.87  93.56739278
  6.87  93.74406610
  6.88  93.92087285
  6.89  94.09781316
  6.90  94.27488742
  6.90  94.45209647
  6.91  94.62944206
  6.92  94.80692753
  6.93  94.98455906
  6.94  95.16234758
  6.94  95.34031171
  6.95  95.51848201
  6.96  95.69690696
  6.97  95.87566086
  6.97  96.05485384
  6.98  96.23464379
  6.99  96.41524965
  7.00  96.59696480
  7.01  96.78016887
  7.01  96.96533519
  7.02  97.15303075
  7.03  97.34390496
  7.04  97.53866349
  7.04  97.73802416
  7.05  97.94265306
  7.06  98.15308163
  7.07  98.36960831
  7.08  98.59219219
  7.08  98.82034945
  7.09  99.05306665
  7.10  99.28874535
  7.11  99.52519148
  7.11  99.75965832
  7.12  99.98894515
  7.13 100.20954538
  7.14 100.41783048
  7.15 100.61025005
  7.15 100.78352672
  7.16 100.93482598
  7.17 101.06188600
  7.18 101.16309921
  7.18 101.23754453
  7.19 101.28497476
  7.20 101.30576788
  7.21 101.30085290
  7.22 101.27162079
  7.22 101.21982993
  7.23 101.14751350
  7.24 101.05689379
  7.25 100.95030676
  7.25 100.83013793
  7.26 100.69876990
  7.27 100.55854044
  7.28 100.41171007
  7.29 100.26043736
  7.29 100.10676057
  7.30  99.95258406
  7.31  99.79966833
  7.32  99.64962264
  7.32  99.50389949
  7.33  99.36379055
  7.34  99.23042359
  7.35  99.10476066
  7.36  98.98759727
  7.36  98.87956306
  7.37  98.78112410
  7.38  98.69258706
  7.39  98.61410567
  7.39  98.54568944
  7.40  98.48721475
  7.41  98.43843827
  7.42  98.39901230
  7.43  98.36850167
  7.43  98.34640169
  7.44  98.33215643
  7.45  98.32517660
  7.46  98.32485659
  7.46  98.33058968
  7.47  98.34178132
  7.48  98.35785988
  7.49  98.37828472
  7.50  98.40255163
  7.50  98.43019572
  7.51  98.46079202
  7.52  98.49395420
  7.53  98.52933177
  7.53  98.56660624
  7.54  98.60548669
  7.55  98.64570525
  7.56  98.68701261
  7.57  98.72917412
  7.57  98.77196649
  7.58  98.81517532
  7.59  98.85859344
  7.60  98.90202009
  7.60  98.94526087
  7.61  98.98812828
  7.62  99.03044276
  7.63  99.07203416
  7.64  99.11274323
  7.64  99.15242329
  7.65  99.19094172
  7.66  99.22818126
  7.67  99.26404110
  7.67  99.29843749
  7.68  99.33130412
  7.69  99.36259207
  7.70  99.39226940
  7.71  99.42032046
  7.71  99.44674485
  7.72  99.47155628
  7.73  99.49478113
  7.74  99.51645694
  7.74  99.53663088
  7.75  99.55535815
  7.76  99.57270042
  7.77  99.58872437
  7.78  99.60350023
  7.78  99.61710054
  7.79  99.62959894
  7.80  99.64106919
  7.81  99.65158421
  7.81  99.66121539
  7.82  99.67003190
  7.83  99.67810022
  7.84  99.68548376
  7.85  99.69224255
  7.85  99.69843309
  7.86  99.70410821
  7.87  99.70931705
  7.88  99.71410509
  7.88  99.71851421
  7.89  99.72258280
  7.90  99.72634593
  7.91  99.72983549
  7.92  99.73308038
  7.92  99.73610671
  7.93  99.73893797
  7.94  99.74159528
  7.95  99.74409752
  7.95  99.74646157
  7.96  99.74870247
  7.97  99.75083360
  7.98  99.75286685
  7.99  99.75481275
  7.99  99.75668063
  8.00  99.75847876
  8.01  99.76021443
  8.02  99.76189411
  8.02  99.76352352
  8.03  99.76510769
  8.04  99.76665112
  8.05  99.76815777
  8.06  99.76963116
  8.06  99.77107442
  8.07  99.77249036
  8.08  99.77388147
  8.09  99.77524998
  8.09  99.77659792
  8.10  99.77792710
  8.11  99.77923917
  8.12  99.78053562
  8.13  99.78181781
  8.13  99.78308700
  8.14  99.78434432
  8.15  99.78559084
  8.16  99.78682752
  8.16  99.78805527
  8.17  99.78927491
  8.18  99.79048723
  8.19  99.79169295
  8.20  99.79289273
  8.20  99.79408719
  8.21  99.79527691
  8.22  99.79646242
  8.23  99.79764422
  8.23  99.79882277
  8.24  99.79999848
  8.25  99.80117173
  8.26  99.80234286
  8.27  99.80351221
  8.27  99.80468003
  8.28  99.80584657
  8.29  99.80701206
  8.30  99.80817666
  8.30  99.80934054
  8.31  99.81050380
  8.32  99.81166655
  8.33  99.81282884
  8.34  99.81399071
  8.34  99.81515216
  8.35  99.81631316
  8.36  99.81747367
  8.37  99.81863363
  8.37  99.81979292
  8.38  99.82095143
  8.39  99.82210902
  8.40  99.82326553
  8.41  99.82442077
  8.41  99.82557454
  8.42  99.82672662
  8.43  99.82787678
  8.44  99.82902477
  8.44  99.83017033
  8.45  99.83131318
  8.46  99.83245304
  8.47  99.83358962
  8.48  99.83472262
  8.48  99.83585172
  8.49  99.83697663
  8.50  99.83809702
  8.51  99.83921258
  8.51  99.84032300
  8.52  99.84142795
  8.53  99.84252713
  8.54  99.84362022
  8.55  99.84470693
  8.55  99.84578695
  8.56  99.84685999
  8.57  99.84792577
  8.58  99.84898402
  8.58  99.85003446
  8.59  99.85107686
  8.60  99.85211097
  8.61  99.85313655
  8.62  99.85415341
  8.62  99.85516133
  8.63  99.85616013
  8.64  99.85714964
  8.65  99.85812971
  8.65  99.85910020
  8.66  99.86006098
  8.67  99.86101195
  8.68  99.86195302
  8.69  99.86288411
  8.69  99.86380517
  8.70  99.86471616
  8.71  99.86561705
  8.72  99.86650783
  8.72  99.86738852
  8.73  99.86825914
  8.74  99.86911973
  8.75  99.86997034
  8.76  99.87081105
  8.76  99.87164193
  8.77  99.87246308
  8.78  99.87327462
  8.79  99.87407666
  8.79  99.87486935
  8.80  99.87565283
  8.81  99.87642726
  8.82  99.87719281
  8.83  99.87794965
  8.83  99.87869798
  8.84  99.87943799
  8.85  99.88016989
  8.86  99.88089387
  8.86  99.88161017
  8.87  99.88231901
  8.88  99.88302061
  8.89  99.88371520
  8.90  99.88440303
  8.90  99.88508433
  8.91  99.88575933
  8.92  99.88642829
  8.93  99.88709145
  8.93  99.88774905
  8.94  99.88840134
  8.95  99.88904856
  8.96  99.88969094
  8.97  99.89032874
  8.97  99.89096217
  8.98  99.89159149
  8.99  99.89221691
  9.00  99.89283866
  9.00  99.89345697
  9.01  99.89407203
  9.02  99.89468407
  9.03  99.89529329
  9.03  99.89589987
  9.04  99.89650400
  9.05  99.89710587
  9.06  99.89770564
  9.07  99.89830349
  9.07  99.89889955
  9.08  99.89949398
  9.09  99.90008692
  9.10  99.90067848
  9.10  99.90126879
  9.11  99.90185795
  9.12  99.90244605
  9.13  99.90303318
  9.14  99.90361942
  9.14  99.90420482
  9.15  99.90478945
  9.16  99.90537335
  9.17  99.90595654
  9.17  99.90653905
  9.18  99.90712089
  9.19  99.90770207
  9.20  99.90828256
  9.21  99.90886236
  9.21  99.90944143
  9.22  99.91001974
  9.23  99.91059723
  9.24  99.91117386
  9.24  99.91174954
  9.25  99.91232422
  9.26  99.91289780
  9.27  99.91347019
  9.28  99.91404131
  9.28  99.91461104
  9.29  99.91517927
  9.30  99.91574588
  9.31  99.91631077
  9.31  99.91687379
  9.32  99.91743481
  9.33  99.91799371
  9.34  99.91855033
  9.35  99.91910454
  9.35  99.91965620
  9.36  99.92020515
  9.37  99.92075126
  9.38  99.92129436
  9.38  99.92183432
  9.39  99.92237097
  9.40  99.92290419
  9.41  99.92343380
  9.42  99.92395968
  9.42  99.92448167
  9.43  99.92499964
  9.44  99.92551345
  9.45  99.92602296
  9.45  99.92652803
  9.46  99.92702855
  9.47  99.92752439
  9.48  99.92801543
  9.49  99.92850156
  9.49  99.92898267
  9.50  99.92945866
  9.51  99.92992943
  9.52  99.93039489
  9.52  99.93085496
  9.53  99.93130956
  9.54  99.93175862
  9.55  99.93220207
  9.56  99.93263986
  9.56  99.93307193
  9.57  99.93349824
  9.58  99.93391875
  9.59  99.93433344
  9.59  99.93474227
  9.60  99.93514523
  9.61  99.93554231
  9.62  99.93593351
  9.63  99.93631883
  9.63  99.93669827
  9.64  99.93707186
  9.65  99.93743961
  9.66  99.93780154
  9.66  99.93815771
  9.67  99.93850813
  9.68  99.93885286
  9.69  99.93919194
  9.70  99.93952543
  9.70  99.93985339
  9.71  99.94017588
  9.72  99.94049296
  9.73  99.94080471
  9.73  99.94111120
  9.74  99.94141251
  9.75  99.94170872
  9.76  99.94199992
  9.77  99.94228620
  9.77  99.94256763
  9.78  99.94284433
  9.79  99.94311637
  9.80  99.94338386
  9.80  99.94364690
  9.81  99.94390557
  9.82  99.94416000
  9.83  99.94441026
  9.84  99.94465648
  9.84  99.94489874
  9.85  99.94513716
  9.86  99.94537183
  9.87  99.94560286
  9.87  99.94583035
  9.88  99.94605441
  9.89  99.94627513
  9.90  99.94649262
  9.91  99.94670698
  9.91  99.94691831
  9.92  99.94712671
  9.93  99.94733227
  9.94  99.94753509
  9.94  99.94773527
  9.95  99.94793290
  9.96  99.94812808
  9.97  99.94832089
  9.98  99.94851142
  9.98  99.94869977
  9.99  99.94888601
 10.00  99.94907023
 10.01  99.94925251
 10.01  99.94943294
 10.02  99.94961159
 10.03  99.94978854
 10.04  99.94996386
 10.05  99.95013763
 10.05  99.95030991
 10.06  99.95048078
 10.07  99.95065030
 10.08  99.95081854
 10.08  99.95098556
 10.09  99.95115142
 10.10  99.95131619
 10.11  99.95147991
 10.12  99.95164264
 10.12  99.95180445
 10.13  99.95196537
 10.14  99.95212547
 10.15  99.95228479
 10.15  99.95244337
 10.16  99.95260126
 10.17  99.95275851
 10.18  99.95291515
 10.19  99.95307123
 10.19  99.95322679
 10.20  99.95338187
 10.21  99.95353649
 10.22  99.95369070
 10.22  99.95384452
 10.23  99.95399800
 10.24  99.95415116
 10.25  99.95430402
 10.26  99.95445663
 10.26  99.95460900
 10.27  99.95476117
 10.28  99.95491315
 10.29  99.95506497
 10.29  99.95521666
 10.30  99.95536823
 10.31  99.95551971
 10.32  99.95567112
 10.33  99.95582247
 10.33  99.95597379
 10.34  99.95612509
 10.35  99.95627640
 10.36  99.95642772
 10.36  99.95657907
 10.37  99.95673047
 10.38  99.95688193
 10.39  99.95703347
 10.40  99.95718509
 10.40  99.95733682
 10.41  99.95748866
 10.42  99.95764063
 10.43  99.95779273
 10.43  99.95794498
 10.44  99.95809739
 10.45  99.95824996
 10.46  99.95840271
 10.47  99.95855565
 10.47  99.95870879
 10.48  99.95886212
 10.49  99.95901568
 10.50  99.95916945
 10.50  99.95932345
 10.51  99.95947768
 10.52  99.95963216
 10.53  99.95978689
 10.54  99.95994187
 10.54  99.96009712
 10.55  99.96025264
 10.56  99.96040844
 10.57  99.96056452
 10.57  99.96072089
 10.58  99.96087756
 10.59  99.96103453
 10.60  99.96119180
 10.61  99.96134939
 10.61  99.96150729
 10.62  99.96166552
 10.63  99.96182408
 10.64  99.96198298
 10.64  99.96214222
 10.65  99.96230180
 10.66  99.96246174
 10.67  99.96262203
 10.68  99.96278269
 10.68  99.96294371
 10.69  99.96310511
 10.70  99.96326689
 10.71  99.96342906
 10.71  99.96359161
 10.72  99.96375457
 10.73  99.96391792
 10.74  99.96408169
 10.75  99.96424587
 10.75  99.96441047
 10.76  99.96457549
 10.77  99.96474095
 10.78  99.96490685
 10.78  99.96507320
 10.79  99.96524000
 10.80  99.96540726
 10.81  99.96557499
 10.82  99.96574319
 10.82  99.96591187
 10.83  99.96608105
 10.84  99.96625072
 10.85  99.96642089
 10.85  99.96659158
 10.86  99.96676280
 10.87  99.96693454
 10.88  99.96710683
 10.89  99.96727966
 10.89  99.96745305
 10.90  99.96762702
 10.91  99.96780156
 10.92  99.96797669
 10.92  99.96815243
 10.93  99.96832877
 10.94  99.96850574
 10.95  99.96868335
 10.96  99.96886161
 10.96  99.96904052
 10.97  99.96922011
 10.98  99.96940039
 10.99  99.96958137
 10.99  99.96976306
 11.00  99.96994549
 11.01  99.97012866
 11.02  99.97031258
 11.03  99.97049729
 11.03  99.97068278
 11.04  99.97086909
 11.05  99.97105621
 11.06  99.97124418
 11.06  99.97143301
 11.07  99.97162271
 11.08  99.97181330
 11.09  99.97200481
 11.10  99.97219724
 11.10  99.97239062
 11.11  99.97258497
 11.12  99.97278030
 11.13  99.97297663
 11.13  99.97317398
 11.14  99.97337236
 11.15  99.97357181
 11.16  99.97377232
 11.17  99.97397393
 11.17  99.97417664
 11.18  99.97438047
 11.19  99.97458545
 11.20  99.97479158
 11.20  99.97499887
 11.21  99.97520736
 11.22  99.97541704
 11.23  99.97562792
 11.24  99.97584003
 11.24  99.97605337
 11.25  99.97626794
 11.26  99.97648377
 11.27  99.97670084
 11.27  99.97691917
 11.28  99.97713876
 11.29  99.97735962
 11.30  99.97758173
 11.31  99.97780510
 11.31  99.97802973
 11.32  99.97825560
 11.33  99.97848271
 11.34  99.97871106
 11.34  99.97894061
 11.35  99.97917137
 11.36  99.97940330
 11.37  99.97963640
 11.38  99.97987064
 11.38  99.98010599
 11.39  99.98034242
 11.40  99.98057991
 11.41  99.98081841
 11.41  99.98105789
 11.42  99.98129832
 11.43  99.98153965
 11.44  99.98178183
 11.45  99.98202482
 11.45  99.98226856
 11.46  99.98251300
 11.47  99.98275809
 11.48  99.98300376
 11.48  99.98324996
 11.49  99.98349662
 11.50  99.98374367
 11.51  99.98399104
 11.52  99.98423866
 11.52  99.98448646
 11.53  99.98473436
 11.54  99.98498228
 11.55  99.98523014
 11.55  99.98547785
 11.56  99.98572535
 11.57  99.98597253
 11.58  99.98621931
 11.59  99.98646561
 11.59  99.98671134
 11.60  99.98695640
 11.61  99.98720070
 11.62  99.98744415
 11.62  99.98768667
 11.63  99.98792815
 11.64  99.98816851
 11.65  99.98840766
 11.66  99.98864549
 11.66  99.98888193
 11.67  99.98911687
 11.68  99.98935024
 11.69  99.98958194
 11.69  99.98981188
 11.70  99.99003998
 11.71  99.99026616
 11.72  99.99049032
 11.73  99.99071239
 11.73  99.99093229
 11.74  99.99114995
 11.75  99.99136528
 11.76  99.99157821
 11.76  99.99178868
 11.77  99.99199662
 11.78  99.99220196
 11.79  99.99240465
 11.80  99.99260461
 11.80  99.99280180
 11.81  99.99299617
 11.82  99.99318766
 11.83  99.99337623
 11.83  99.99356183
 11.84  99.99374444
 11.85  99.99392400
 11.86  99.99410048
 11.87  99.99427387
 11.87  99.99444412
 11.88  99.99461122
 11.89  99.99477516
 11.90  99.99493590
 11.90  99.99509345
 11.91  99.99524778
 11.92  99.99539890
 11.93  99.99554680
 11.94  99.99569149
 11.94  99.99583295
 11.95  99.99597121
 11.96  99.99610627
 11.97  99.99623815
 11.97  99.99636685
 11.98  99.99649240
 11.99  99.99661481
 12.00  99.99673411
 12.01  99.99685033
 12.01  99.99696348
 12.02  99.99707361
 12.03  99.99718074
 12.04  99.99728491
 12.04  99.99738615
 12.05  99.99748450
 12.06  99.99757999
 12.07  99.99767268
 12.08  99.99776260
 12.08  99.99784980
 12.09  99.99793431
 12.10  99.99801620
 12.11  99.99809549
 12.11  99.99817225
 12.12  99.99824651
 12.13  99.99831834
 12.14  99.99838777
 12.15  99.99845487
 12.15  99.99851967
 12.16  99.99858224
 12.17  99.99864262
 12.18  99.99870086
 12.18  99.99875702
 12.19  99.99881115
 12.20  99.99886330
 12.21  99.99891353
 12.22  99.99896187
 12.22  99.99900839
 12.23  99.99905313
 12.24  99.99909615
 12.25  99.99913749
 12.25  99.99917721
 12.26  99.99921535
 12.27  99.99925196
 12.28  99.99928709
 12.29  99.99932078
 12.29  99.99935309
 12.30  99.99938405
 12.31  99.99941371
 12.32  99.99944211
 12.32  99.99946930
 12.33  99.99949533
 12.34  99.99952022
 12.35  99.99954402
 12.36  99.99956677
 12.36  99.99958851
 12.37  99.99960927
 12.38  99.99962910
 12.39  99.99964802
 12.39  99.99966608
 12.40  99.99968330
 12.41  99.99969972
 12.42  99.99971537
 12.43  99.99973028
 12.43  99.99974448
 12.44  99.99975800
 12.45  99.99977087
 12.46  99.99978312
 12.46  99.99979477
 12.47  99.99980584
 12.48  99.99981637
 12.49  99.99982637
 12.50  99.99983588
 12.50  99.99984490
 12.51  99.99985347
 12.52  99.99986159
 12.53  99.99986931
 12.53  99.99987662
 12.54  99.99988356
 12.55  99.99989013
 12.56  99.99989636
 12.57  99.99990226
 12.57  99.99990784
 12.58  99.99991313
 12.59  99.99991813
 12.60  99.99992287
 12.60  99.99992735
 12.61  99.99993158
 12.62  99.99993559
 12.63  99.99993937
 12.64  99.99994294
 12.64  99.99994632
 12.65  99.99994951
 12.66  99.99995252
 12.67  99.99995536
 12.67  99.99995804
 12.68  99.99996056
 12.69  99.99996295
 12.70  99.99996519
 12.71  99.99996731
 12.71  99.99996931
 12.72  99.99997118
 12.73  99.99997295
 12.74  99.99997462
 12.74  99.99997619
 12.75  99.99997767
 12.76  99.99997905
 12.77  99.99998036
 12.78  99.99998159
 12.78  99.99998274
 12.79  99.99998383
 12.80  99.99998485
 12.81  99.99998581
 12.81  99.99998671
 12.82  99.99998755
 12.83  99.99998835
 12.84  99.99998909
 12.85  99.99998979
 12.85  99.99999045
 12.86  99.99999107
 12.87  99.99999164
 12.88  99.99999218
 12.88  99.99999269
 12.89  99.99999317
 12.90  99.99999361
 12.91  99.99999403
 12.92  99.99999442
 12.92  99.99999479
 12.93  99.99999513
 12.94  99.99999545
 12.95  99.99999575
 12.95  99.99999604
 12.96  99.99999630
 12.97  99.99999655
 12.98  99.99999678
 12.99  99.99999699
 12.99  99.99999719
 13.00  99.99999738
 13.01  99.99999756
 13.02  99.99999772
 13.02  99.99999788
 13.03  99.99999802
 13.04  99.99999815
 13.05  99.99999828
 13.06  99.99999840
 13.06  99.99999851
 13.07  99.99999861
 13.08  99.99999870
 13.09  99.99999879
 13.09  99.99999887
 13.10  99.99999895
 13.11  99.99999902
 13.12  99.99999909
 13.13  99.99999915
 13.13  99.99999921
 13.14  99.99999927
 13.15  99.99999932
 13.16  99.99999936
 13.16  99.99999941
 13.17  99.99999945
 13.18  99.99999949
 13.19  99.99999952
 13.20  99.99999956
 13.20  99.99999959
 13.21  99.99999962
 13.22  99.99999964
 13.23  99.99999967
 13.23  99.99999969
 13.24  99.99999971
 13.25  99.99999973
 13.26  99.99999975
 13.27  99.99999977
 13.27  99.99999979
 13.28  99.99999980
 13.29  99.99999982
 13.30  99.99999983
 13.30  99.99999984
 13.31  99.99999985
 13.32  99.99999986
 13.33  99.99999987
 13.34  99.99999988
 13.34  99.99999989
 13.35  99.99999990
 13.36  99.99999991
 13.37  99.99999991
 13.37  99.99999992
 13.38  99.99999992
 13.39  99.99999993
 13.40  99.99999993
 13.41  99.99999994
 13.41  99.99999994
 13.42  99.99999995
 13.43  99.99999995
 13.44  99.99999996
 13.44  99.99999996
 13.45  99.99999996
 13.46  99.99999996
 13.47  99.99999997
 13.48  99.99999997
 13.48  99.99999997
 13.49  99.99999997
 13.50  99.99999998
 13.51  99.99999998
 13.51  99.99999998
 13.52  99.99999998
 13.53  99.99999998
 13.54  99.99999998
 13.55  99.99999998
 13.55  99.99999999
 13.56  99.99999999
 13.57  99.99999999
 13.58  99.99999999
 13.58  99.99999999
 13.59  99.99999999
 13.60  99.99999999
 13.61  99.99999999
 13.62  99.99999999
 13.62  99.99999999
 13.63  99.99999999
 13.64  99.99999999
 13.65  99.99999999
 13.65  99.99999999
 13.66 100.00000000
 13.67 100.00000000
 13.68 100.00000000
 13.69 100.00000000
 13.69 100.00000000
 13.70 100.00000000
 13.71 100.00000000
 13.72 100.00000000
 13.72 100.00000000
 13.73 100.00000000
 13.74 100.00000000
 13.75 100.00000000
 13.76 100.00000000
 13.76 100.00000000
 13.77 100.00000000
 13.78 100.00000000
 13.79 100.00000000
 13.79 100.00000000
 13.80 100.00000000
 13.81 100.00000000
 13.82 100.00000000
 13.83 100.00000000
 13.83 100.00000000
 13.84 100.00000000
 13.85 100.00000000
 13.86 100.00000000
 13.86 100.00000000
 13.87 100.00000000
 13.88 100.00000000
 13.89 100.00000000
 13.89 100.00000000
 13.90 100.00000000
 13.91 100.00000000
 13.92 100.00000000
 13.93 100.00000000
 13.93 100.00000000
 13.94 100.00000000
 13.95 100.00000000
 13.96 100.00000000
 13.96 100.00000000
 13.97 100.00000000
 13.98 100.00000000
 13.99 100.00000000
 14.00 100.00000000
 14.00 100.00000000
 14.01 100.00000000
 14.02 100.00000000
 14.03 100.00000000
 14.03 100.00000000
 14.04 100.00000000
 14.05 100.00000000
 14.06 100.00000000
 14.07 100.00000000
 14.07 100.00000000
 14.08 100.00000000
 14.09 100.00000000
 14.10 100.00000000
 14.10 100.00000000
 14.11 100.00000000
 14.12 100.00000000
 14.13 100.00000000
 14.14 100.00000000
 14.14 100.00000000
 14.15 100.00000000
 14.16 100.00000000
 14.17 100.00000000
 14.17 100.00000000
 14.18 100.00000000
 14.19 100.00000000
 14.20 100.00000000
 14.21 100.00000000
 14.21 100.00000000
 14.22 100.00000000
 14.23 100.00000000
 14.24 100.00000000
 14.24 100.00000000
 14.25 100.00000000
 14.26 100.00000000
 14.27 100.00000000
 14.28 100.00000000
 14.28 100.00000000
 14.29 100.00000000
 14.30 100.00000000
 14.31 100.00000000
 14.31 100.00000000
 14.32 100.00000000
 14.33 100.00000000
 14.34 100.00000000
 14.35 100.00000000
 14.35 100.00000000
 14.36 100.00000000
 14.37 100.00000000
 14.38 100.00000000
 14.38 100.00000000
 14.39 100.00000000
 14.40 100.00000000
 14.41 100.00000000
 14.42 100.00000000
 14.42 100.00000000
 14.43 100.00000000
 14.44 100.00000000
 14.45 100.00000000
 14.45 100.00000000
 14.46 100.00000000
 14.47 100.00000000
 14.48 100.00000000
 14.49 100.00000000
 14.49 100.00000000
 14.50 100.00000000
 14.51 100.00000000
 14.52 100.00000000
 14.52 100.00000000
 14.53 100.00000000
 14.54 100.00000000
 14.55 100.00000000
 14.56 100.00000000
 14.56 100.00000000
 14.57 100.00000000
 14.58 100.00000000
 14.59 100.00000000
 14.59 100.00000000
 14.60 100.00000000
 14.61 100.00000000
 14.62 100.00000000
 14.63 100.00000000
 14.63 100.00000000
 14.64 100.00000000
 14.65 100.00000000
 14.66 100.00000000
 14.66 100.00000000
 14.67 100.00000000
 14.68 100.00000000
 14.69 100.00000000
 14.70 100.00000000
 14.70 100.00000000
 14.71 100.00000000
 14.72 100.00000000
 14.73 100.00000000
 14.73 100.00000000
 14.74 100.00000000
 14.75 100.00000000
 14.76 100.00000000
 14.77 100.00000000
 14.77 100.00000000
 14.78 100.00000000
 14.79 100.00000000
 14.80 100.00000000
 14.80 100.00000000
 14.81 100.00000000
 14.82 100.00000000
 14.83 100.00000000
 14.84 100.00000000
 14.84 100.00000000
 14.85 100.00000000
 14.86 100.00000000
 14.87 100.00000000
 14.87 100.00000000
 14.88 100.00000000
 14.89 100.00000000
 14.90 100.00000000
 14.91 100.00000000
 14.91 100.00000000
 14.92 100.00000000
 14.93 100.00000000
 14.94 100.00000000
 14.94 100.00000000
 14.95 100.00000000
 14.96 100.00000000
 14.97 100.00000000
 14.98 100.00000000
 14.98 100.00000000
 14.99 100.00000000
 15.00 100.00000000
 15.01 100.00000000
 15.01 100.00000000
 15.02 100.00000000
 15.03 100.00000000
 15.04 100.00000000
 15.05 100.00000000
 15.05 100.00000000
 15.06 100.00000000
 15.07 100.00000000
 15.08 100.00000000
 15.08 100.00000000
 15.09 100.00000000
 15.10 100.00000000
 15.11 100.00000000
 15.12 100.00000000
 15.12 100.00000000
 15.13 100.00000000
 15.14 100.00000000
 15.15 100.00000000
 15.15 100.00000000
 15.16 100.00000000
 15.17 100.00000000
 15.18 100.00000000
 15.19 100.00000000
 15.19 100.00000000
 15.20 100.00000000
 15.21 100.00000000
 15.22 100.00000000
 15.22 100.00000000
 15.23 100.00000000
 15.24 100.00000000
 15.25 100.00000000
 15.26 100.00000000
 15.26 100.00000000
 15.27 100.00000000
 15.28 100.00000000
 15.29 100.00000000
 15.29 100.00000000
 15.30 100.00000000
 15.31 100.00000000
 15.32 100.00000000
 15.33 100.00000000
 15.33 100.00000000
 15.34 100.00000000
 15.35 100.00000000
 15.36 100.00000000
 15.36 100.00000000
 15.37 100.00000000
 15.38 100.00000000
 15.39 100.00000000
 15.40 100.00000000
 15.40 100.00000000
 15.41 100.00000000
 15.42 100.00000000
 15.43 100.00000000
 15.43 100.00000000
 15.44 100.00000000
 15.45 100.00000000
 15.46 100.00000000
 15.47 100.00000000
 15.47 100.00000000
 15.48 100.00000000
 15.49 100.00000000
 15.50 100.00000000
 15.50 100.00000000
 15.51 100.00000000
 15.52 100.00000000
 15.53 100.00000000
 15.54 100.00000000
 15.54 100.00000000
 15.55 100.00000000
 15.56 100.00000000
 15.57 100.00000000
 15.57 100.00000000
 15.58 100.00000000
 15.59 100.00000000
 15.60 100.00000000
 15.61 100.00000000
 15.61 100.00000000
 15.62 100.00000000
 15.63 100.00000000
 15.64 100.00000000
 15.64 100.00000000
 15.65 100.00000000
 15.66 100.00000000
 15.67 100.00000000
 15.68 100.00000000
 15.68 100.00000000
 15.69 100.00000000
 15.70 100.00000000
 15.71 100.00000000
 15.71 100.00000000
 15.72 100.00000000
 15.73 100.00000000
 15.74 100.00000000
 15.75 100.00000000
 15.75 100.00000000
 15.76 100.00000000
 15.77 100.00000000
 15.78 100.00000000
 15.78 100.00000000
 15.79 100.00000000
 15.80 100.00000000
 15.81 100.00000000
 15.82 100.00000000
 15.82 100.00000000
 15.83 100.00000000
 15.84 100.00000000
 15.85 100.00000000
 15.85 100.00000000
 15.86 100.00000000
 15.87 100.00000000
 15.88 100.00000000
 15.89 100.00000000
 15.89 100.00000000
 15.90 100.00000000
 15.91 100.00000000
 15.92 100.00000000
 15.92 100.00000000
 15.93 100.00000000
 15.94 100.00000000
 15.95 100.00000000
 15.96 100.00000000
 15.96 100.00000000
 15.97 100.00000000
 15.98 100.00000000
 15.99 100.00000000
 15.99 100.00000000
 16.00 100.00000000
 16.01 100.00000000
 16.02 100.00000000
 16.03 100.00000000
 16.03 100.00000000
 16.04 100.00000000
 16.05 100.00000000
 16.06 100.00000000
 16.06 100.00000000
 16.07 100.00000000
 16.08 100.00000000
 16.09 100.00000000
 16.10 100.00000000
 16.10 100.00000000
 16.11 100.00000000
 16.12 100.00000000
 16.13 100.00000000
 16.13 100.00000000
 16.14 100.00000000
 16.15 100.00000000
 16.16 100.00000000
 16.17 100.00000000
 16.17 100.00000000
 16.18 100.00000000
 16.19 100.00000000
 16.20 100.00000000
 16.20 100.00000000
 16.21 100.00000000
 16.22 100.00000000
 16.23 100.00000000
 16.24 100.00000000
 16.24 100.00000000
 16.25 100.00000000
 16.26 100.00000000
 16.27 100.00000000
 16.27 100.00000000
 16.28 100.00000000
 16.29 100.00000000
 16.30 100.00000000
 16.31 100.00000000
 16.31 100.00000000
 16.32 100.00000000
 16.33 100.00000000
 16.34 100.00000000
 16.34 100.00000000
 16.35 100.00000000
 16.36 100.00000000
 16.37 100.00000000
 16.38 100.00000000
 16.38 100.00000000
 16.39 100.00000000
 16.40 100.00000000
 16.41 100.00000000
 16.41 100.00000000
 16.42 100.00000000
 16.43 100.00000000
 16.44 100.00000000
 16.45 100.00000000
 16.45 100.00000000
 16.46 100.00000000
 16.47 100.00000000
 16.48 100.00000000
 16.48 100.00000000
 16.49 100.00000000
 16.50 100.00000000
 16.51 100.00000000
 16.52 100.00000000
 16.52 100.00000000
 16.53 100.00000000
 16.54 100.00000000
 16.55 100.00000000
 16.55 100.00000000
 16.56 100.00000000
 16.57 100.00000000
 16.58 100.00000000
 16.59 100.00000000
 16.59 100.00000000
 16.60 100.00000000
 16.61 100.00000000
 16.62 100.00000000
 16.62 100.00000000
 16.63 100.00000000
 16.64 100.00000000
 16.65 100.00000000
 16.66 100.00000000
 16.66 100.00000000
 16.67 100.00000000
 16.68 100.00000000
 16.69 100.00000000
 16.69 100.00000000
 16.70 100.00000000
 16.71 100.00000000
 16.72 100.00000000
 16.73 100.00000000
 16.73 100.00000000
 16.74 100.00000000
 16.75 100.00000000
 16.76 100.00000000
 16.76 100.00000000
 16.77 100.00000000
 16.78 100.00000000
 16.79 100.00000000
 16.80 100.00000000
 16.80 100.00000000
 16.81 100.00000000
 16.82 100.00000000
 16.83 100.00000000
 16.83 100.00000000
 16.84 100.00000000
 16.85 100.00000000
 16.86 100.00000000
 16.87 100.00000000
 16.87 100.00000000
 16.88 100.00000000
 16.89 100.00000000
 16.90 100.00000000
 16.90 100.00000000
 16.91 100.00000000
 16.92 100.00000000
 16.93 100.00000000
 16.94 100.00000000
 16.94 100.00000000
 16.95 100.00000000
 16.96 100.00000000
 16.97 100.00000000
 16.97 100.00000000
 16.98 100.00000000
 16.99 100.00000000
 17.00 100.00000000
 17.01 100.00000000
 17.01 100.00000000
 17.02 100.00000000
 17.03 100.00000000
 17.04 100.00000000
 17.04 100.00000000
 17.05 100.00000000
 17.06 100.00000000
 17.07 100.00000000
 17.08 100.00000000
 17.08 100.00000000
 17.09 100.00000000
 17.10 100.00000000
 17.11 100.00000000
 17.11 100.00000000
 17.12 100.00000000
 17.13 100.00000000
 17.14 100.00000000
 17.15 100.00000000
 17.15 100.00000000
 17.16 100.00000000
 17.17 100.00000000
 17.18 100.00000000
 17.18 100.00000000
 17.19 100.00000000
 17.20 100.00000000
 17.21 100.00000000
 17.22 100.00000000
 17.22 100.00000000
 17.23 100.00000000
 17.24 100.00000000
 17.25 100.00000000
 17.25 100.00000000
 17.26 100.00000000
 17.27 100.00000000
 17.28 100.00000000
 17.29 100.00000000
 17.29 100.00000000
 17.30 100.00000000
 17.31 100.00000000
 17.32 100.00000000
 17.32 100.00000000
 17.33 100.00000000
 17.34 100.00000000
 17.35 100.00000000
 17.36 100.00000000
 17.36 100.00000000
 17.37 100.00000000
 17.38 100.00000000
 17.39 100.00000000
 17.39 100.00000000
 17.40 100.00000000
 17.41 100.00000000
 17.42 100.00000000
 17.43 100.00000000
 17.43 100.00000000
 17.44 100.00000000
 17.45 100.00000000
 17.46 100.00000000
 17.46 100.00000000
 17.47 100.00000000
 17.48 100.00000000
 17.49 100.00000000
 17.50 100.00000000
 17.50 100.00000000
 17.51 100.00000000
 17.52 100.00000000
 17.53 100.00000000
 17.53 100.00000000
 17.54 100.00000000
 17.55 100.00000000
 17.56 100.00000000
 17.57 100.00000000
 17.57 100.00000000
 17.58 100.00000000
 17.59 100.00000000
 17.60 100.00000000
 17.60 100.00000000
 17.61 100.00000000
 17.62 100.00000000
 17.63 100.00000000
 17.64 100.00000000
 17.64 100.00000000
 17.65 100.00000000
 17.66 100.00000000
 17.67 100.00000000
 17.67 100.00000000
 17.68 100.00000000
 17.69 100.00000000
 17.70 100.00000000
 17.71 100.00000000
 17.71 100.00000000
 17.72 100.00000000
 17.73 100.00000000
 17.74 100.00000000
 17.74 100.00000000
 17.75 100.00000000
 17.76 100.00000000
 17.77 100.00000000
 17.78 100.00000000
 17.78 100.00000000
 17.79 100.00000000
 17.80 100.00000000
 17.81 100.00000000
 17.81 100.00000000
 17.82 100.00000000
 17.83 100.00000000
 17.84 100.00000000
 17.85 100.00000000
 17.85 100.00000000
 17.86 100.00000000
 17.87 100.00000000
 17.88 100.00000000
 17.88 100.00000000
 17.89 100.00000000
 17.90 100.00000000
 17.91 100.00000000
 17.92 100.00000000
 17.92 100.00000000
 17.93 100.00000000
 17.94 100.00000000
 17.95 100.00000000
 17.95 100.00000000
 17.96 100.00000000
 17.97 100.00000000
 17.98 100.00000000
 17.99 100.00000000
 17.99 100.00000000
 18.00 100.00000000
 18.01 100.00000000
 18.02 100.00000000
 18.02 100.00000000
 18.03 100.00000000
 18.04 100.00000000
 18.05 100.00000000
 18.06 100.00000000
 18.06 100.00000000
 18.07 100.00000000
 18.08 100.00000000
 18.09 100.00000000
 18.09 100.00000000
 18.10 100.00000000
 18.11 100.00000000
 18.12 100.00000000
 18.13 100.00000000
 18.13 100.00000000
 18.14 100.00000000
 18.15 100.00000000
 18.16 100.00000000
 18.16 100.00000000
 18.17 100.00000000
 18.18 100.00000000
 18.19 100.00000000
 18.20 100.00000000
 18.20 100.00000000
 18.21 100.00000000
 18.22 100.00000000
 18.23 100.00000000
 18.23 100.00000000
 18.24 100.00000000
 18.25 100.00000000
 18.26 100.00000000
 18.27 100.00000000
 18.27 100.00000000
 18.28 100.00000000
 18.29 100.00000000
 18.30 100.00000000
 18.30 100.00000000
 18.31 100.00000000
 18.32 100.00000000
 18.33 100.00000000
 18.34 100.00000000
 18.34 100.00000000
 18.35 100.00000000
 18.36 100.00000000
 18.37 100.00000000
 18.37 100.00000000
 18.38 100.00000000
 18.39 100.00000000
 18.40 100.00000000
 18.41 100.00000000
 18.41 100.00000000
 18.42 100.00000000
 18.43 100.00000000
 18.44 100.00000000
 18.44 100.00000000
 18.45 100.00000000
 18.46 100.00000000
 18.47 100.00000000
 18.48 100.00000000
 18.48 100.00000000
 18.49 100.00000000
 18.50 100.00000000
 18.51 100.00000000
 18.51 100.00000000
 18.52 100.00000000
 18.53 100.00000000
 18.54 100.00000000
 18.55 100.00000000
 18.55 100.00000000
 18.56 100.00000000
 18.57 100.00000000
 18.58 100.00000000
 18.58 100.00000000
 18.59 100.00000000
 18.60 100.00000000
 18.61 100.00000000
 18.62 100.00000000
 18.62 100.00000000
 18.63 100.00000000
 18.64 100.00000000
 18.65 100.00000000
 18.65 100.00000000
 18.66 100.00000000
 18.67 100.00000000
 18.68 100.00000000
 18.69 100.00000000
 18.69 100.00000000
 18.70 100.00000000
 18.71 100.00000000
 18.72 100.00000000
 18.72 100.00000000
 18.73 100.00000000
 18.74 100.00000000
 18.75 100.00000000
 18.75 100.00000000
 18.76 100.00000000
 18.77 100.00000000
 18.78 100.00000000
 18.79 100.00000000
 18.79 100.00000000
 18.80 100.00000000
 18.81 100.00000000
 18.82 100.00000000
 18.82 100.00000000
 18.83 100.00000000
 18.84 100.00000000
 18.85 100.00000000
 18.86 100.00000000
 18.86 100.00000000
 18.87 100.00000000
 18.88 100.00000000
 18.89 100.00000000
 18.89 100.00000000
 18.90 100.00000000
 18.91 100.00000000
 18.92 100.00000000
 18.93 100.00000000
 18.93 100.00000000
 18.94 100.00000000
 18.95 100.00000000
 18.96 100.00000000
 18.96 100.00000000
 18.97 100.00000000
 18.98 100.00000000
 18.99 100.00000000
 19.00 100.00000000
 19.00 100.00000000
 19.01 100.00000000
 19.02 100.00000000
 19.03 100.00000000
 19.03 100.00000000
 19.04 100.00000000
 19.05 100.00000000
 19.06 100.00000000
 19.07 100.00000000
 19.07 100.00000000
 19.08 100.00000000
 19.09 100.00000000
 19.10 100.00000000
 19.10 100.00000000
 19.11 100.00000000
 19.12 100.00000000
 19.13 100.00000000
 19.14 100.00000000
 19.14 100.00000000
 19.15 100.00000000
 19.16 100.00000000
 19.17 100.00000000
 19.17 100.00000000
 19.18 100.00000000
 19.19 100.00000000
 19.20 100.00000000
 19.21 100.00000000
 19.21 100.00000000
 19.22 100.00000000
 19.23 100.00000000
 19.24 100.00000000
 19.24 100.00000000
 19.25 100.00000000
 19.26 100.00000000
 19.27 100.00000000
 19.28 100.00000000
 19.28 100.00000000
 19.29 100.00000000
 19.30 100.00000000
 19.31 100.00000000
 19.31 100.00000000
 19.32 100.00000000
 19.33 100.00000000
 19.34 100.00000000
 19.35 100.00000000
 19.35 100.00000000
 19.36 100.00000000
 19.37 100.00000000
 19.38 100.00000000
 19.38 100.00000000
 19.39 100.00000000
 19.40 100.00000000
 19.41 100.00000000
 19.42 100.00000000
 19.42 100.00000000
 19.43 100.00000000
 19.44 100.00000000
 19.45 100.00000000
 19.45 100.00000000
 19.46 100.00000000
 19.47 100.00000000
 19.48 100.00000000
 19.49 100.00000000
 19.49 100.00000000
 19.50 100.00000000
 19.51 100.00000000
 19.52 100.00000000
 19.52 100.00000000
 19.53 100.00000000
 19.54 100.00000000
 19.55 100.00000000
 19.56 100.00000000
 19.56 100.00000000
 19.57 100.00000000
 19.58 100.00000000
 19.59 100.00000000
 19.59 100.00000000
 19.60 100.00000000
 19.61 100.00000000
 19.62 100.00000000
 19.63 100.00000000
 19.63 100.00000000
 19.64 100.00000000
 19.65 100.00000000
 19.66 100.00000000
 19.66 100.00000000
 19.67 100.00000000
 19.68 100.00000000
 19.69 100.00000000
 19.70 100.00000000
 19.70 100.00000000
 19.71 100.00000000
 19.72 100.00000000
 19.73 100.00000000
 19.73 100.00000000
 19.74 100.00000000
 19.75 100.00000000
 19.76 100.00000000
 19.77 100.00000000
 19.77 100.00000000
 19.78 100.00000000
 19.79 100.00000000
 19.80 100.00000000
 19.80 100.00000000
 19.81 100.00000000
 19.82 100.00000000
 19.83 100.00000000
 19.84 100.00000000
 19.84 100.00000000
 19.85 100.00000000
 19.86 100.00000000
 19.87 100.00000000
 19.87 100.00000000
 19.88 100.00000000
 19.89 100.00000000
 19.90 100.00000000
 19.91 100.00000000
 19.91 100.00000000
 19.92 100.00000000
 19.93 100.00000000
 19.94 100.00000000
 19.94 100.00000000
 19.95 100.00000000
 19.96 100.00000000
 19.97 100.00000000
 19.98 100.00000000
 19.98 100.00000000
 19.99 100.00000000
 20.00 100.00000000
 20.01 100.00000000
 20.01 100.00000000
 20.02 100.00000000
 20.03 100.00000000
 20.04 100.00000000
 20.05 100.00000000
 20.05 100.00000000
 20.06 100.00000000
 20.07 100.00000000
 20.08 100.00000000
 20.08 100.00000000
 20.09 100.00000000
 20.10 100.00000000
 20.11 100.00000000
 20.12 100.00000000
 20.12 100.00000000
 20.13 100.00000000
 20.14 100.00000000
 20.15 100.00000000
 20.15 100.00000000
 20.16 100.00000000
 20.17 100.00000000
 20.18 100.00000000
 20.19 100.00000000
 20.19 100.00000000
 20.20 100.00000000
 20.21 100.00000000
 20.22 100.00000000
 20.22 100.00000000
 20.23 100.00000000
 20.24 100.00000000
 20.25 100.00000000
 20.26 100.00000000
 20.26 100.00000000
 20.27 100.00000000
 20.28 100.00000000
 20.29 100.00000000
 20.29 100.00000000
 20.30 100.00000000
 20.31 100.00000000
 20.32 100.00000000
 20.33 100.00000000
 20.33 100.00000000
 20.34 100.00000000
 20.35 100.00000000
 20.36 100.00000000
 20.36 100.00000000
 20.37 100.00000000
 20.38 100.00000000
 20.39 100.00000000
 20.40 100.00000000
 20.40 100.00000000
 20.41 100.00000000
 20.42 100.00000000
 20.43 100.00000000
 20.43 100.00000000
 20.44 100.00000000
 20.45 100.00000000
 20.46 100.00000000
 20.47 100.00000000
 20.47 100.00000000
 20.48 100.00000000
 20.49 100.00000000
 20.50 100.00000000
 20.50 100.00000000
 20.51 100.00000000
 20.52 100.00000000
 20.53 100.00000000
 20.54 100.00000000
 20.54 100.00000000
 20.55 100.00000000
 20.56 100.00000000
 20.57 100.00000000
 20.57 100.00000000
 20.58 100.00000000
 20.59 100.00000000
 20.60 100.00000000
 20.61 100.00000000
 20.61 100.00000000
 20.62 100.00000000
 20.63 100.00000000
 20.64 100.00000000
 20.64 100.00000000
 20.65 100.00000000
 20.66 100.00000000
 20.67 100.00000000
 20.68 100.00000000
 20.68 100.00000000
 20.69 100.00000000
 20.70 100.00000000
 20.71 100.00000000
 20.71 100.00000000
 20.72 100.00000000
 20.73 100.00000000
 20.74 100.00000000
 20.75 100.00000000
 20.75 100.00000000
 20.76 100.00000000
 20.77 100.00000000
 20.78 100.00000000
 20.78 100.00000000
 20.79 100.00000000
 20.80 100.00000000
 20.81 100.00000000
 20.82 100.00000000
 20.82 100.00000000
 20.83 100.00000000
 20.84 100.00000000
 20.85 100.00000000
 20.85 100.00000000
 20.86 100.00000000
 20.87 100.00000000
 20.88 100.00000000
 20.89 100.00000000
 20.89 100.00000000
 20.90 100.00000000
 20.91 100.00000000
 20.92 100.00000000
 20.92 100.00000000
 20.93 100.00000000
 20.94 100.00000000
 20.95 100.00000000
 20.96 100.00000000
 20.96 100.00000000
 20.97 100.00000000
 20.98 100.00000000
 20.99 100.00000000
 20.99 100.00000000
 21.00 100.00000000
 21.01 100.00000000
 21.02 100.00000000
 21.03 100.00000000
 21.03 100.00000000
 21.04 100.00000000
 21.05 100.00000000
 21.06 100.00000000
 21.06 100.00000000
 21.07 100.00000000
 21.08 100.00000000
 21.09 100.00000000
 21.10 100.00000000
 21.10 100.00000000
 21.11 100.00000000
 21.12 100.00000000
 21.13 100.00000000
 21.13 100.00000000
 21.14 100.00000000
 21.15 100.00000000
 21.16 100.00000000
 21.17 100.00000000
 21.17 100.00000000
 21.18 100.00000000
 21.19 100.00000000
 21.20 100.00000000
 21.20 100.00000000
 21.21 100.00000000
 21.22 100.00000000
 21.23 100.00000000
 21.24 100.00000000
 21.24 100.00000000
 21.25 100.00000000
 21.26 100.00000000
 21.27 100.00000000
 21.27 100.00000000
 21.28 100.00000000
 21.29 100.00000000
 21.30 100.00000000
 21.31 100.00000000
 21.31 100.00000000
 21.32 100.00000000
 21.33 100.00000000
 21.34 100.00000000
 21.34 100.00000000
 21.35 100.00000000
 21.36 100.00000000
 21.37 100.00000000
 21.38 100.00000000
 21.38 100.00000000
 21.39 100.00000000
 21.40 100.00000000
 21.41 100.00000000
 21.41 100.00000000
 21.42 100.00000000
 21.43 100.00000000
 21.44 100.00000000
 21.45 100.00000000
 21.45 100.00000000
 21.46 100.00000000
 21.47 100.00000000
 21.48 100.00000000
 21.48 100.00000000
 21.49 100.00000000
 21.50 100.00000000
 21.51 100.00000000
 21.52 100.00000000
 21.52 100.00000000
 21.53 100.00000000
 21.54 100.00000000
 21.55 100.00000000
 21.55 100.00000000
 21.56 100.00000000
 21.57 100.00000000
 21.58 100.00000000
 21.59 100.00000000
 21.59 100.00000000
 21.60 100.00000000
 21.61 100.00000000
 21.62 100.00000000
 21.62 100.00000000
 21.63 100.00000000
 21.64 100.00000000
 21.65 100.00000000
 21.66 100.00000000
 21.66 100.00000000
 21.67 100.00000000
 21.68 100.00000000
 21.69 100.00000000
 21.69 100.00000000
 21.70 100.00000000
 21.71 100.00000000
 21.72 100.00000000
 21.73 100.00000000
 21.73 100.00000000
 21.74 100.00000000
 21.75 100.00000000
 21.76 100.00000000
 21.76 100.00000000
 21.77 100.00000000
 21.78 100.00000000
 21.79 100.00000000
 21.80 100.00000000
 21.80 100.00000000
 21.81 100.00000000
 21.82 100.00000000
 21.83 100.00000000
 21.83 100.00000000
 21.84 100.00000000
 21.85 100.00000000
 21.86 100.00000000
 21.87 100.00000000
 21.87 100.00000000
 21.88 100.00000000
 21.89 100.00000000
 21.90 100.00000000
 21.90 100.00000000
 21.91 100.00000000
 21.92 100.00000000
 21.93 100.00000000
 21.94 100.00000000
 21.94 100.00000000
 21.95 100.00000000
 21.96 100.00000000
 21.97 100.00000000
 21.97 100.00000000
 21.98 100.00000000
 21.99 100.00000000
 22.00 100.00000000
 22.01 100.00000000
 22.01 100.00000000
 22.02 100.00000000
 22.03 100.00000000
 22.04 100.00000000
 22.04 100.00000000
 22.05 100.00000000
 22.06 100.00000000
 22.07 100.00000000
 22.08 100.00000000
 22.08 100.00000000
 22.09 100.00000000
 22.10 100.00000000
 22.11 100.00000000
 22.11 100.00000000
 22.12 100.00000000
 22.13 100.00000000
 22.14 100.00000000
 22.15 100.00000000
 22.15 100.00000000
 22.16 100.00000000
 22.17 100.00000000
 22.18 100.00000000
 22.18 100.00000000
 22.19 100.00000000
 22.20 100.00000000
 22.21 100.00000000
 22.22 100.00000000
 22.22 100.00000000
 22.23 100.00000000
 22.24 100.00000000
 22.25 100.00000000
 22.25 100.00000000
 22.26 100.00000000
 22.27 100.00000000
 22.28 100.00000000
 22.29 100.00000000
 22.29 100.00000000
 22.30 100.00000000
 22.31 100.00000000
 22.32 100.00000000
 22.32 100.00000000
 22.33 100.00000000
 22.34 100.00000000
 22.35 100.00000000
 22.36 100.00000000
 22.36 100.00000000
 22.37 100.00000000
 22.38 100.00000000
 22.39 100.00000000
 22.39 100.00000000
 22.40 100.00000000
 22.41 100.00000000
 22.42 100.00000000
 22.43 100.00000000
 22.43 100.00000000
 22.44 100.00000000
 22.45 100.00000000
 22.46 100.00000000
 22.46 100.00000000
 22.47 100.00000000
 22.48 100.00000000
 22.49 100.00000000
 22.50 100.00000000
 22.50 100.00000000
 22.51 100.00000000
 22.52 100.00000000
 22.53 100.00000000
 22.53 100.00000000
 22.54 100.00000000
 22.55 100.00000000
 22.56 100.00000000
 22.57 100.00000000
 22.57 100.00000000
 22.58 100.00000000
 22.59 100.00000000
 22.60 100.00000000
 22.60 100.00000000
 22.61 100.00000000
 22.62 100.00000000
 22.63 100.00000000
 22.64 100.00000000
 22.64 100.00000000
 22.65 100.00000000
 22.66 100.00000000
 22.67 100.00000000
 22.67 100.00000000
 22.68 100.00000000
 22.69 100.00000000
 22.70 100.00000000
 22.71 100.00000000
 22.71 100.00000000
 22.72 100.00000000
 22.73 100.00000000
 22.74 100.00000000
 22.74 100.00000000
 22.75 100.00000000
 22.76 100.00000000
 22.77 100.00000000
 22.78 100.00000000
 22.78 100.00000000
 22.79 100.00000000
 22.80 100.00000000
 22.81 100.00000000
 22.81 100.00000000
 22.82 100.00000000
 22.83 100.00000000
 22.84 100.00000000
 22.85 100.00000000
 22.85 100.00000000
 22.86 100.00000000
 22.87 100.00000000
 22.88 100.00000000
 22.88 100.00000000
 22.89 100.00000000
 22.90 100.00000000
 22.91 100.00000000
 22.92 100.00000000
 22.92 100.00000000
 22.93 100.00000000
 22.94 100.00000000
 22.95 100.00000000
 22.95 100.00000000
 22.96 100.00000000
 22.97 100.00000000
 22.98 100.00000000
 22.99 100.00000000
 22.99 100.00000000
 23.00 100.00000000
 23.01 100.00000000
 23.02 100.00000000
 23.02 100.00000000
 23.03 100.00000000
 23.04 100.00000000
 23.05 100.00000000
 23.06 100.00000000
 23.06 100.00000000
 23.07 100.00000000
 23.08 100.00000000
 23.09 100.00000000
 23.09 100.00000000
 23.10 100.00000000
 23.11 100.00000000
 23.12 100.00000000
 23.13 100.00000000
 23.13 100.00000000
 23.14 100.00000000
 23.15 100.00000000
 23.16 100.00000000
 23.16 100.00000000
 23.17 100.00000000
 23.18 100.00000000
 23.19 100.00000000
 23.20 100.00000000
 23.20 100.00000000
 23.21 100.00000000
 23.22 100.00000000
 23.23 100.00000000
 23.23 100.00000000
 23.24 100.00000000
 23.25 100.00000000
 23.26 100.00000000
 23.27 100.00000000
 23.27 100.00000000
 23.28 100.00000000
 23.29 100.00000000
 23.30 100.00000000
 23.30 100.00000000
 23.31 100.00000000
 23.32 100.00000000
 23.33 100.00000000
 23.34 100.00000000
 23.34 100.00000000
 23.35 100.00000000
 23.36 100.00000000
 23.37 100.00000000
 23.37 100.00000000
 23.38 100.00000000
 23.39 100.00000000
 23.40 100.00000000
 23.41 100.00000000
 23.41 100.00000000
 23.42 100.00000000
 23.43 100.00000000
 23.44 100.00000000
 23.44 100.00000000
 23.45 100.00000000
 23.46 100.00000000
 23.47 100.00000000
 23.48 100.00000000
 23.48 100.00000000
 23.49 100.00000000
 23.50 100.00000000
 23.51 100.00000000
 23.51 100.00000000
 23.52 100.00000000
 23.53 100.00000000
 23.54 100.00000000
 23.55 100.00000000
 23.55 100.00000000
 23.56 100.00000000
 23.57 100.00000000
 23.58 100.00000000
 23.58 100.00000000
 23.59 100.00000000
 23.60 100.00000000
 23.61 100.00000000
 23.61 100.00000000
 23.62 100.00000000
 23.63 100.00000000
 23.64 100.00000000
 23.65 100.00000000
 23.65 100.00000000
 23.66 100.00000000
 23.67 100.00000000
 23.68 100.00000000
 23.68 100.00000000
 23.69 100.00000000
 23.70 100.00000000
 23.71 100.00000000
 23.72 100.00000000
 23.72 100.00000000
 23.73 100.00000000
 23.74 100.00000000
 23.75 100.00000000
 23.75 100.00000000
 23.76 100.00000000
 23.77 100.00000000
 23.78 100.00000000
 23.79 100.00000000
 23.79 100.00000000
 23.80 100.00000000
 23.81 100.00000000
 23.82 100.00000000
 23.82 100.00000000
 23.83 100.00000000
 23.84 100.00000000
 23.85 100.00000000
 23.86 100.00000000
 23.86 100.00000000
 23.87 100.00000000
 23.88 100.00000000
 23.89 100.00000000
 23.89 100.00000000
 23.90 100.00000000
 23.91 100.00000000
 23.92 100.00000000
 23.93 100.00000000
 23.93 100.00000000
 23.94 100.00000000
 23.95 100.00000000
 23.96 100.00000000
 23.96 100.00000000
 23.97 100.00000000
 23.98 100.00000000
 23.99 100.00000000
 24.00 100.00000000
 24.00 100.00000000
 24.01 100.00000000
 24.02 100.00000000
 24.03 100.00000000
 24.03 100.00000000
 24.04 100.00000000
 24.05 100.00000000
 24.06 100.00000000
 24.07 100.00000000
 24.07 100.00000000
 24.08 100.00000000
 24.09 100.00000000
 24.10 100.00000000
 24.10 100.00000000
 24.11 100.00000000
 24.12 100.00000000
 24.13 100.00000000
 24.14 100.00000000
 24.14 100.00000000
 24.15 100.00000000
 24.16 100.00000000
 24.17 100.00000000
 24.17 100.00000000
 24.18 100.00000000
 24.19 100.00000000
 24.20 100.00000000
 24.21 100.00000000
 24.21 100.00000000
 24.22 100.00000000
 24.23 100.00000000
 24.24 100.00000000
 24.24 100.00000000
 24.25 100.00000000
 24.26 100.00000000
 24.27 100.00000000
 24.28 100.00000000
 24.28 100.00000000
 24.29 100.00000000
 24.30 100.00000000
 24.31 100.00000000
 24.31 100.00000000
 24.32 100.00000000
 24.33 100.00000000
 24.34 100.00000000
 24.35 100.00000000
 24.35 100.00000000
 24.36 100.00000000
 24.37 100.00000000
 24.38 100.00000000
 24.38 100.00000000
 24.39 100.00000000
 24.40 100.00000000
 24.41 100.00000000
 24.42 100.00000000
 24.42 100.00000000
 24.43 100.00000000
 24.44 100.00000000
 24.45 100.00000000
 24.45 100.00000000
 24.46 100.00000000
 24.47 100.00000000
 24.48 100.00000000
 24.49 100.00000000
 24.49 100.00000000
 24.50 100.00000000
 24.51 100.00000000
 24.52 100.00000000
 24.52 100.00000000
 24.53 100.00000000
 24.54 100.00000000
 24.55 100.00000000
 24.56 100.00000000
 24.56 100.00000000
 24.57 100.00000000
 24.58 100.00000000
 24.59 100.00000000
 24.59 100.00000000
 24.60 100.00000000
 24.61 100.00000000
 24.62 100.00000000
 24.63 100.00000000
 24.63 100.00000000
 24.64 100.00000000
 24.65 100.00000000
 24.66 100.00000000
 24.66 100.00000000
 24.67 100.00000000
 24.68 100.00000000
 24.69 100.00000000
 24.70 100.00000000
 24.70 100.00000000
 24.71 100.00000000
 24.72 100.00000000
 24.73 100.00000000
 24.73 100.00000000
 24.74 100.00000000
 24.75 100.00000000
 24.76 100.00000000
 24.77 100.00000000
 24.77 100.00000000
 24.78 100.00000000
 24.79 100.00000000
 24.80 100.00000000
 24.80 100.00000000
 24.81 100.00000000
 24.82 100.00000000
 24.83 100.00000000
 24.84 100.00000000
 24.84 100.00000000
 24.85 100.00000000
 24.86 100.00000000
 24.87 100.00000000
 24.87 100.00000000
 24.88 100.00000000
 24.89 100.00000000
 24.90 100.00000000
 24.91 100.00000000
 24.91 100.00000000
 24.92 100.00000000
 24.93 100.00000000
 24.94 100.00000000
 24.94 100.00000000
 24.95 100.00000000
 24.96 100.00000000
 24.97 100.00000000
 24.98 100.00000000
 24.98 100.00000000
 24.99 100.00000000
 25.00 100.00000000
 25.01  99.75618318
 25.01  99.53862291
 25.02  99.32013115
 25.03  99.10370710
 25.04  98.88740921
 25.05  98.67168495
 25.05  98.45626369
 25.06  98.24122577
 25.07  98.02652466
 25.08  97.81217594
 25.08  97.59817066
 25.09  97.38451183
 25.10  97.17119750
 25.11  96.95822815
 25.12  96.74560319
 25.12  96.53332257
 25.13  96.32138599
 25.14  96.10979326
 25.15  95.89854417
 25.15  95.68763850
 25.16  95.47707602
 25.17  95.26685653
 25.18  95.05697981
 25.19  94.84744564
 25.19  94.63825380
 25.20  94.42940406
 25.21  94.22089622
 25.22  94.01273005
 25.22  93.80490533
 25.23  93.59742183
 25.24  93.39027933
 25.25  93.18347762
 25.26  92.97701646
 25.26  92.77089563
 25.27  92.56511491
 25.28  92.35967407
 25.29  92.15457288
 25.29  91.94981112
 25.30  91.74538856
 25.31  91.54130496
 25.32  91.33756011
 25.33  91.13415377
 25.33  90.93108571
 25.34  90.72835570
 25.35  90.52596351
 25.36  90.32390890
 25.36  90.12219165
 25.37  89.92081151
 25.38  89.71976826
 25.39  89.51906166
 25.40  89.31869147
 25.40  89.11865746
 25.41  88.91895939
 25.42  88.71959703
 25.43  88.52057013
 25.43  88.32187845
 25.44  88.12352177
 25.45  87.92549983
 25.46  87.72781239
 25.47  87.53045922
 25.47  87.33344008
 25.48  87.13675471
 25.49  86.94040288
 25.50  86.74438435
 25.50  86.54869886
 25.51  86.35334618
 25.52  86.15832605
 25.53  85.96363824
 25.54  85.76928249
 25.54  85.57525856
 25.55  85.38156619
 25.56  85.18820515
 25.57  84.99517518
 25.57  84.80247602
 25.58  84.61010744
 25.59  84.41806917
 25.60  84.22636097
 25.61  84.03498258
 25.61  83.84393375
 25.62  83.65321422
 25.63  83.46282375
 25.64  83.27276207
 25.64  83.08302894
 25.65  82.89362408
 25.66  82.70454726
 25.67  82.51579820
 25.68  82.32737665
 25.68  82.13928236
 25.69  81.95151506
 25.70  81.76407449
 25.71  81.57696039
 25.71  81.39017250
 25.72  81.20371056
 25.73  81.01757430
 25.74  80.83176347
 25.75  80.64627780
 25.75  80.46111702
 25.76  80.27628087
 25.77  80.09176908
 25.78  79.90758139
 25.78  79.72371753
 25.79  79.54017723
 25.80  79.35696023
 25.81  79.17406626
 25.82  78.99149504
 25.82  78.80924631
 25.83  78.62731980
 25.84  78.44571523
 25.85  78.26443234
 25.85  78.08347084
 25.86  77.90283048
 25.87  77.72251097
 25.88  77.54251205
 25.89  77.36283343
 25.89  77.18347484
 25.90  77.00443601
 25.91  76.82571665
 25.92  76.64731650
 25.92  76.46923528
 25.93  76.29147270
 25.94  76.11402849
 25.95  75.93690237
 25.96  75.76009406
 25.96  75.58360327
 25.97  75.40742973
 25.98  75.23157316
 25.99  75.05603327
 25.99  74.88080978
 26.00  74.70590241
 26.01  74.53131087
 26.02  74.35703488
 26.03  74.18307415
 26.03  74.00942840
 26.04  73.83609735
 26.05  73.66308069
 26.06  73.49037816
 26.06  73.31798945
 26.07  73.14591429
 26.08  72.97415237
 26.09  72.80270342
 26.10  72.63156714
 26.10  72.46074324
 26.11  72.29023144
 26.12  72.12003143
 26.13  71.95014292
 26.13  71.78056563
 26.14  71.61129926
 26.15  71.44234351
 26.16  71.27369809
 26.17  71.10536271
 26.17  70.93733706
 26.18  70.76962086
 26.19  70.60221381
 26.20  70.43511561
 26.20  70.26832595
 26.21  70.10184455
 26.22  69.93567111
 26.23  69.76980532
 26.24  69.60424688
 26.24  69.43899549
 26.25  69.27405086
 26.26  69.10941268
 26.27  68.94508065
 26.27  68.78105446
 26.28  68.61733382
 26.29  68.45391842
 26.30  68.29080795
 26.31  68.12800211
 26.31  67.96550060
 26.32  67.80330310
 26.33  67.64140932
 26.34  67.47981895
 26.34  67.31853167
 26.35  67.15754718
 26.36  66.99686518
 26.37  66.83648535
 26.38  66.67640738
 26.38  66.51663097
 26.39  66.35715580
 26.40  66.19798157
 26.41  66.03910796
 26.41  65.88053465
 26.42  65.72226135
 26.43  65.56428772
 26.44  65.40661347
 26.45  65.24923828
 26.45  65.09216183
 26.46  64.93538381
 26.47  64.77890390
 26.48  64.62272179
 26.48  64.46683715
 26.49  64.31124969
 26.50  64.15595907
 26.51  64.00096498
 26.52  63.84626709
 26.52  63.69186511
 26.53  63.53775869
 26.54  63.38394753
 26.55  63.23043130
 26.55  63.07720969
 26.56  62.92428237
 26.57  62.77164901
 26.58  62.61930931
 26.59  62.46726294
 26.59  62.31550956
 26.60  62.16404887
 26.61  62.01288054
 26.62  61.86200423
 26.62  61.71141964
 26.63  61.56112643
 26.64  61.41112427
 26.65  61.26141285
 26.66  61.11199183
 26.66  60.96286090
 26.67  60.81401971
 26.68  60.66546794
 26.69  60.51720528
 26.69  60.36923137
 26.70  60.22154591
 26.71  60.07414856
 26.72  59.92703898
 26.73  59.78021686
 26.73  59.63368185
 26.74  59.48743363
 26.75  59.34147186
 26.76  59.19579622
 26.76  59.05040637
 26.77  58.90530197
 26.78  58.76048271
 26.79  58.61594823
 26.80  58.47169822
 26.80  58.32773233
 26.81  58.18405023
 26.82  58.04065158
 26.83  57.89753605
 26.83  57.75470330
 26.84  57.61215300
 26.85  57.46988482
 26.86  57.32789840
 26.87  57.18619342
 26.87  57.04476954
 26.88  56.90362642
 26.89  56.76276371
 26.90  56.62218110
 26.90  56.48187822
 26.91  56.34185475
 26.92  56.20211034
 26.93  56.06264465
 26.94  55.92345735
 26.94  55.78454809
 26.95  55.64591653
 26.96  55.50756232
 26.97  55.36948514
 26.97  55.23168462
 26.98  55.09416044
 26.99  54.95691224
 27.00  54.81993969
 27.01  54.68324244
 27.01  54.54682014
 27.02  54.41067245
 27.03  54.27479904
 27.04  54.13919954
 27.04  54.00387362
 27.05  53.86882092
 27.06  53.73404112
 27.07  53.59953385
 27.08  53.46529876
 27.08  53.33133553
 27.09  53.19764378
 27.10  53.06422319
 27.11  52.93107340
 27.11  52.79819405
 27.12  52.66558481
 27.13  52.53324533
 27.14  52.40117525
 27.15  52.26937422
 27.15  52.13784190
 27.16  52.00657793
 27.17  51.87558197
 27.18  51.74485366
 27.18  51.61439266
 27.19  51.48419860
 27.20  51.35427115
 27.21  51.22460994
 27.22  51.09521463
 27.22  50.96608486
 27.23  50.83722029
 27.24  50.70862055
 27.25  50.58028529
 27.25  50.45221417
 27.26  50.32440682
 27.27  50.19686290
 27.28  50.06958204
 27.29  49.94256390
 27.29  49.81580812
 27.30  49.68931434
 27.31  49.56308221
 27.32  49.43711138
 27.32  49.31140149
 27.33  49.18595217
 27.34  49.06076308
 27.35  48.93583387
 27.36  48.81116416
 27.36  48.68675361
 27.37  48.56260186
 27.38  48.43870855
 27.39  48.31507332
 27.39  48.19169582
 27.40  48.06857569
 27.41  47.94571257
 27.42  47.82310609
 27.43  47.70075591
 27.43  47.57866167
 27.44  47.45682300
 27.45  47.33523954
 27.46  47.21391094
 27.46  47.09283684
 27.47  46.97201687
 27.48  46.85145068
 27.49  46.73113790
 27.50  46.61107818
 27.50  46.49127116
 27.51  46.37171647
 27.52  46.25241376
 27.53  46.13336265
 27.53  46.01456280
 27.54  45.89601384
 27.55  45.77771540
 27.56  45.65966713
 27.57  45.54186867
 27.57  45.42431964
 27.58  45.30701970
 27.59  45.18996848
 27.60  45.07316561
 27.60  44.95661073
 27.61  44.84030348
 27.62  44.72424350
 27.63  44.60843042
 27.64  44.49286388
 27.64  44.37754351
 27.65  44.26246896
 27.66  44.14763986
 27.67  44.03305585
 27.67  43.91871655
 27.68  43.80462161
 27.69  43.69077067
 27.70  43.57716336
 27.71  43.46379931
 27.71  43.35067815
 27.72  43.23779954
 27.73  43.12516310
 27.74  43.01276846
 27.74  42.90061526
 27.75  42.78870314
 27.76  42.67703172
 27.77  42.56560066
 27.78  42.45440957
 27.78  42.34345810
 27.79  42.23274588
 27.80  42.12227254
 27.81  42.01203772
 27.81  41.90204105
 27.82  41.79228216
 27.83  41.68276070
 27.84  41.57347629
 27.85  41.46442857
 27.85  41.35561718
 27.86  41.24704173
 27.87  41.13870188
 27.88  41.03059725
 27.88  40.92272748
 27.89  40.81509220
 27.90  40.70769105
 27.91  40.60052365
 27.92  40.49358965
 27.92  40.38688866
 27.93  40.28042034
 27.94  40.17418431
 27.95  40.06818020
 27.95  39.96240766
 27.96  39.85686630
 27.97  39.75155577
 27.98  39.64647569
 27.99  39.54162571
 27.99  39.43700545
 28.00  39.33261455
 28.01  39.22845264
 28.02  39.12451935
 28.02  39.02081432
 28.03  38.91733718
 28.04  38.81408756
 28.05  38.71106510
 28.06  38.60826943
 28.06  38.50570018
 28.07  38.40335698
 28.08  38.30123947
 28.09  38.19934729
 28.09  38.09768006
 28.10  37.99623742
 28.11  37.89501900
 28.12  37.79402443
 28.13  37.69325335
 28.13  37.59270539
 28.14  37.49238019
 28.15  37.39227737
 28.16  37.29239657
 28.16  37.19273743
 28.17  37.09329958
 28.18  36.99408265
 28.19  36.89508627
 28.20  36.79631008
 28.20  36.69775371
 28.21  36.59941679
 28.22  36.50129897
 28.23  36.40339987
 28.23  36.30571912
 28.24  36.20825637
 28.25  36.11101124
 28.26  36.01398337
 28.27  35.91717239
 28.27  35.82057794
 28.28  35.72419965
 28.29  35.62803715
 28.30  35.53209009
 28.30  35.43635809
 28.31  35.34084079
 28.32  35.24553782
 28.33  35.15044882
 28.34  35.05557342
 28.34  34.96091126
 28.35  34.86646197
 28.36  34.77222519
 28.37  34.67820056
 28.37  34.58438770
 28.38  34.49078626
 28.39  34.39739587
 28.40  34.30421616
 28.41  34.21124677
 28.41  34.11848734
 28.42  34.02593750
 28.43  33.93359689
 28.44  33.84146515
 28.44  33.74954191
 28.45  33.65782680
 28.46  33.56631947
 28.47  33.47501955
 28.47  33.38392668
 28.48  33.29304049
 28.49  33.20236063
 28.50  33.11188673
 28.51  33.02161842
 28.51  32.93155534
 28.52  32.84169714
 28.53  32.75204345
 28.54  32.66259391
 28.54  32.57334815
 28.55  32.48430582
 28.56  32.39546655
 28.57  32.30682998
 28.58  32.21839575
 28.58  32.13016351
 28.59  32.04213288
 28.60  31.95430350
 28.61  31.86667503
 28.61  31.77924709
 28.62  31.69201933
 28.63  31.60499139
 28.64  31.51816290
 28.65  31.43153351
 28.65  31.34510286
 28.66  31.25887058
 28.67  31.17283633
 28.68  31.08699974
 28.68  31.00136045
 28.69  30.91591810
 28.70  30.83067234
 28.71  30.74562280
 28.72  30.66076914
 28.72  30.57611098
 28.73  30.49164798
 28.74  30.40737978
 28.75  30.32330601
 28.75  30.23942633
 28.76  30.15574038
 28.77  30.07224780
 28.78  29.98894822
 28.79  29.90584131
 28.79  29.82292670
 28.80  29.74020404
 28.81  29.65767296
 28.82  29.57533313
 28.82  29.49318417
 28.83  29.41122574
 28.84  29.32945748
 28.85  29.24787905
 28.86  29.16649007
 28.86  29.08529021
 28.87  29.00427910
 28.88  28.92345640
 28.89  28.84282175
 28.89  28.76237479
 28.90  28.68211519
 28.91  28.60204257
 28.92  28.52215660
 28.93  28.44245692
 28.93  28.36294318
 28.94  28.28361503
 28.95  28.20447211
 28.96  28.12551408
 28.96  28.04674059
 28.97  27.96815128
 28.98  27.88974581
 28.99  27.81152382
 29.00  27.73348498
 29.00  27.65562892
 29.01  27.57795530
 29.02  27.50046377
 29.03  27.42315399
 29.03  27.34602560
 29.04  27.26907825
 29.05  27.19231161
 29.06  27.11572533
 29.07  27.03931905
 29.07  26.96309243
 29.08  26.88704512
 29.09  26.81117678
 29.10  26.73548707
 29.10  26.65997563
 29.11  26.58464213
 29.12  26.50948621
 29.13  26.43450754
 29.14  26.35970577
 29.14  26.28508056
 29.15  26.21063155
 29.16  26.13635842
 29.17  26.06226082
 29.17  25.98833839
 29.18  25.91459082
 29.19  25.84101774
 29.20  25.76761882
 29.21  25.69439372
 29.21  25.62134210
 29.22  25.54846361
 29.23  25.47575792
 29.24  25.40322468
 29.24  25.33086357
 29.25  25.25867423
 29.26  25.18665633
 29.27  25.11480953
 29.28  25.04313349
 29.28  24.97162787
 29.29  24.90029235
 29.30  24.82912657
 29.31  24.75813020
 29.31  24.68730291
 29.32  24.61664436
 29.33  24.54615422
 29.34  24.47583214
 29.35  24.40567780
 29.35  24.33569086
 29.36  24.26587098
 29.37  24.19621783
 29.38  24.12673108
 29.38  24.05741039
 29.39  23.98825543
 29.40  23.91926586
 29.41  23.85044137
 29.42  23.78178161
 29.42  23.71328624
 29.43  23.64495495
 29.44  23.57678740
 29.45  23.50878326
 29.45  23.44094220
 29.46  23.37326389
 29.47  23.30574800
 29.48  23.23839420
 29.49  23.17120216
 29.49  23.10417156
 29.50  23.03730206
 29.51  22.97059334
 29.52  22.90404508
 29.52  22.83765694
 29.53  22.77142860
 29.54  22.70535973
 29.55  22.63945001
 29.56  22.57369911
 29.56  22.50810671
 29.57  22.44267248
 29.58  22.37739611
 29.59  22.31227726
 29.59  22.24731561
 29.60  22.18251084
 29.61  22.11786263
 29.62  22.05337065
 29.63  21.98903459
 29.63  21.92485411
 29.64  21.86082891
 29.65  21.79695867
 29.66  21.73324305
 29.66  21.66968174
 29.67  21.60627443
 29.68  21.54302079
 29.69  21.47992050
 29.70  21.41697325
 29.70  21.35417872
 29.71  21.29153660
 29.72  21.22904655
 29.73  21.16670828
 29.73  21.10452146
 29.74  21.04248578
 29.75  20.98060092
 29.76  20.91886657
 29.77  20.85728241
 29.77  20.79584813
 29.78  20.73456341
 29.79  20.67342795
 29.80  20.61244143
 29.80  20.55160354
 29.81  20.49091396
 29.82  20.43037239
 29.83  20.36997851
 29.84  20.30973202
 29.84  20.24963260
 29.85  20.18967994
 29.86  20.12987374
 29.87  20.07021368
 29.87  20.01069946
 29.88  19.95133077
 29.89  19.89210730
 29.90  19.83302875
 29.91  19.77409481
 29.91  19.71530516
 29.92  19.65665952
 29.93  19.59815756
 29.94  19.53979899
 29.94  19.48158350
 29.95  19.42351079
 29.96  19.36558056
 29.97  19.30779249
 29.98  19.25014629
 29.98  19.19264166
 29.99  19.13527829
 30.00  19.07805589
 30.01  19.02097414
 30.01  18.96403276
 30.02  18.90723144
 30.03  18.85056988
 30.04  18.79404778
 30.05  18.73766485
 30.05  18.68142078
 30.06  18.62531528
 30.07  18.56934805
 30.08  18.51351879
 30.08  18.45782721
 30.09  18.40227301
 30.10  18.34685589
 30.11  18.29157557
 30.12  18.23643174
 30.12  18.18142412
 30.13  18.12655240
 30.14  18.07181629
 30.15  18.01721551
 30.15  17.96274975
 30.16  17.90841874
 30.17  17.85422217
 30.18  17.80015975
 30.19  17.74623120
 30.19  17.69243622
 30.20  17.63877453
 30.21  17.58524583
 30.22  17.53184984
 30.22  17.47858626
 30.23  17.42545482
 30.24  17.37245522
 30.25  17.31958718
 30.26  17.26685041
 30.26  17.21424462
 30.27  17.16176953
 30.28  17.10942485
 30.29  17.05721031
 30.29  17.00512561
 30.30  16.95317047
 30.31  16.90134461
 30.32  16.84964774
 30.33  16.79807959
 30.33  16.74663987
 30.34  16.69532830
 30.35  16.64414460
 30.36  16.59308849
 30.36  16.54215968
 30.37  16.49135791
 30.38  16.44068289
 30.39  16.39013435
 30.40  16.33971199
 30.40  16.28941556
 30.41  16.23924477
 30.42  16.18919934
 30.43  16.13927899
 30.43  16.08948346
 30.44  16.03981247
 30.45  15.99026574
 30.46  15.94084299
 30.47  15.89154396
 30.47  15.84236838
 30.48  15.79331596
 30.49  15.74438643
 30.50  15.69557953
 30.50  15.64689499
 30.51  15.59833252
 30.52  15.54989187
 30.53  15.50157276
 30.54  15.45337492
 30.54  15.40529809
 30.55  15.35734199
 30.56  15.30950635
 30.57  15.26179092
 30.57  15.21419542
 30.58  15.16671958
 30.59  15.11936314
 30.60  15.07212584
 30.61  15.02500741
 30.61  14.97800758
 30.62  14.93112609
 30.63  14.88436267
 30.64  14.83771707
 30.64  14.79118902
 30.65  14.74477826
 30.66  14.69848452
 30.67  14.65230755
 30.68  14.60624709
 30.68  14.56030286
 30.69  14.51447462
 30.70  14.46876211
 30.71  14.42316506
 30.71  14.37768322
 30.72  14.33231633
 30.73  14.28706412
 30.74  14.24192636
 30.75  14.19690277
 30.75  14.15199310
 30.76  14.10719711
 30.77  14.06251452
 30.78  14.01794509
 30.78  13.97348856
 30.79  13.92914468
 30.80  13.88491320
 30.81  13.84079386
 30.82  13.79678641
 30.82  13.75289060
 30.83  13.70910618
 30.84  13.66543290
 30.85  13.62187050
 30.85  13.57841875
 30.86  13.53507738
 30.87  13.49184615
 30.88  13.44872481
 30.89  13.40571311
 30.89  13.36281081
 30.90  13.32001766
 30.91  13.27733341
 30.92  13.23475782
 30.92  13.19229064
 30.93  13.14993162
 30.94  13.10768053
 30.95  13.06553711
 30.96  13.02350113
 30.96  12.98157234
 30.97  12.93975050
 30.98  12.89803536
 30.99  12.85642669
 30.99  12.81492424
 31.00  12.77352777
 31.01  12.73223705
 31.02  12.69105183
 31.03  12.64997187
 31.03  12.60899694
 31.04  12.56812680
 31.05  12.52736120
 31.06  12.48669992
 31.06  12.44614271
 31.07  12.40568934
 31.08  12.36533957
 31.09  12.32509316
 31.10  12.28494989
 31.10  12.24490952
 31.11  12.20497181
 31.12  12.16513653
 31.13  12.12540345
 31.13  12.08577234
 31.14  12.04624295
 31.15  12.00681507
 31.16  11.96748845
 31.17  11.92826288
 31.17  11.88913812
 31.18  11.85011393
 31.19  11.81119009
 31.20  11.77236638
 31.20  11.73364256
 31.21  11.69501840
 31.22  11.65649368
 31.23  11.61806817
 31.24  11.57974165
 31.24  11.54151389
 31.25  11.50338466
 31.26  11.46535373
 31.27  11.42742090
 31.27  11.38958592
 31.28  11.35184857
 31.29  11.31420864
 31.30  11.27666591
 31.31  11.23922014
 31.31  11.20187111
 31.32  11.16461862
 31.33  11.12746242
 31.34  11.09040232
 31.34  11.05343807
 31.35  11.01656947
 31.36  10.97979630
 31.37  10.94311834
 31.38  10.90653537
 31.38  10.87004717
 31.39  10.83365353
 31.40  10.79735422
 31.41  10.76114904
 31.41  10.72503777
 31.42  10.68902019
 31.43  10.65309609
 31.44  10.61726525
 31.45  10.58152746
 31.45  10.54588251
 31.46  10.51033018
 31.47  10.47487026
 31.48  10.43950255
 31.48  10.40422682
 31.49  10.36904287
 31.50  10.33395049
 31.51  10.29894946
 31.52  10.26403958
 31.52  10.22922064
 31.53  10.19449243
 31.54  10.15985474
 31.55  10.12530737
 31.55  10.09085010
 31.56  10.05648273
 31.57  10.02220505
 31.58   9.98801686
 31.59   9.95391795
 31.59   9.91990812
 31.60   9.88598717
 31.61   9.85215488
 31.62   9.81841105
 31.62   9.78475549
 31.63   9.75118799
 31.64   9.71770834
 31.65   9.68431635
 31.66   9.65101181
 31.66   9.61779452
 31.67   9.58466429
 31.68   9.55162090
 31.69   9.51866417
 31.69   9.48579390
 31.70   9.45300988
 31.71   9.42031191
 31.72   9.38769981
 31.73   9.35517336
 31.73   9.32273238
 31.74   9.29037667
 31.75   9.25810603
 31.76   9.22592027
 31.76   9.19381919
 31.77   9.16180260
 31.78   9.12987030
 31.79   9.09802210
 31.80   9.06625781
 31.80   9.03457723
 31.81   9.00298017
 31.82   8.97146644
 31.83   8.94003585
 31.83   8.90868820
 31.84   8.87742331
 31.85   8.84624099
 31.86   8.81514104
 31.87   8.78412327
 31.87   8.75318751
 31.88   8.72233355
 31.89   8.69156122
 31.90   8.66087032
 31.90   8.63026066
 31.91   8.59973207
 31.92   8.56928435
 31.93   8.53891732
 31.94   8.50863079
 31.94   8.47842457
 31.95   8.44829849
 31.96   8.41825236
 31.97   8.38828600
 31.97   8.35839921
 31.98   8.32859183
 31.99   8.29886366
 32.00   8.26921453
 32.01   8.23964425
 32.01   8.21015265
 32.02   8.18073953
 32.03   8.15140473
 32.04   8.12214806
 32.04   8.09296934
 32.05   8.06386840
 32.06   8.03484505
 32.07   8.00589911
 32.08   7.97703042
 32.08   7.94823879
 32.09   7.91952405
 32.10   7.89088601
 32.11   7.86232451
 32.11   7.83383936
 32.12   7.80543040
 32.13   7.77709744
 32.14   7.74884032
 32.15   7.72065886
 32.15   7.69255288
 32.16   7.66452222
 32.17   7.63656669
 32.18   7.60868614
 32.18   7.58088038
 32.19   7.55314925
 32.20   7.52549257
 32.21   7.49791017
 32.22   7.47040189
 32.22   7.44296756
 32.23   7.41560699
 32.24   7.38832004
 32.25   7.36110652
 32.25   7.33396627
 32.26   7.30689912
 32.27   7.27990490
 32.28   7.25298346
 32.29   7.22613461
 32.29   7.19935820
 32.30   7.17265406
 32.31   7.14602202
 32.32   7.11946192
 32.32   7.09297360
 32.33   7.06655689
 32.34   7.04021162
 32.35   7.01393764
 32.36   6.98773479
 32.36   6.96160289
 32.37   6.93554179
 32.38   6.90955132
 32.39   6.88363133
 32.39   6.85778165
 32.40   6.83200213
 32.41   6.80629260
 32.42   6.78065290
 32.43   6.75508288
 32.43   6.72958237
 32.44   6.70415122
 32.45   6.67878927
 32.46   6.65349636
 32.46   6.62827234
 32.47   6.60311705
 32.48   6.57803032
 32.49   6.55301201
 32.50   6.52806197
 32.50   6.50318002
 32.51   6.47836603
 32.52   6.45361983
 32.53   6.42894127
 32.53   6.40433020
 32.54   6.37978646
 32.55   6.35530991
 32.56   6.33090038
 32.57   6.30655773
 32.57   6.28228181
 32.58   6.25807246
 32.59   6.23392953
 32.60   6.20985287
 32.60   6.18584233
 32.61   6.16189777
 32.62   6.13801903
 32.63   6.11420596
 32.64   6.09045841
 32.64   6.06677624
 32.65   6.04315930
 32.66   6.01960744
 32.67   5.99612052
 32.67   5.97269838
 32.68   5.94934088
 32.69   5.92604787
 32.70   5.90281921
 32.71   5.87965476
 32.71   5.85655436
 32.72   5.83351788
 32.73   5.81054517
 32.74   5.78763608
 32.74   5.76479047
 32.75   5.74200820
 32.76   5.71928913
 32.77   5.69663312
 32.78   5.67404001
 32.78   5.65150967
 32.79   5.62904197
 32.80   5.60663675
 32.81   5.58429388
 32.81   5.56201322
 32.82   5.53979462
 32.83   5.51763795
 32.84   5.49554307
 32.85   5.47350985
 32.85   5.45153813
 32.86   5.42962779
 32.87   5.40777868
 32.88   5.38599067
 32.88   5.36426363
 32.89   5.34259741
 32.90   5.32099188
 32.91   5.29944690
 32.92   5.27796235
 32.92   5.25653807
 32.93   5.23517394
 32.94   5.21386983
 32.95   5.19262560
 32.95   5.17144111
 32.96   5.15031624
 32.97   5.12925084
 32.98   5.10824480
 32.99   5.08729796
 32.99   5.06641021
 33.00   5.04558141
 33.01   5.02481143
 33.02   5.00410014
 33.02   4.98344741
 33.03   4.96285311
 33.04   4.94231710
 33.05   4.92183927
 33.06   4.90141947
 33.06   4.88105758
 33.07   4.86075348
 33.08   4.84050703
 33.09   4.82031811
 33.09   4.80018658
 33.10   4.78011233
 33.11   4.76009522
 33.12   4.74013513
 33.13   4.72023194
 33.13   4.70038551
 33.14   4.68059572
 33.15   4.66086244
 33.16   4.64118556
 33.16   4.62156495
 33.17   4.60200047
 33.18   4.58249202
 33.19   4.56303946
 33.20   4.54364268
 33.20   4.52430154
 33.21   4.50501593
 33.22   4.48578573
 33.23   4.46661081
 33.23   4.44749105
 33.24   4.42842634
 33.25   4.40941654
 33.26   4.39046154
 33.27   4.37156123
 33.27   4.35271547
 33.28   4.33392415
 33.29   4.31518716
 33.30   4.29650436
 33.30   4.27787565
 33.31   4.25930091
 33.32   4.24078001
 33.33   4.22231285
 33.33   4.20389929
 33.34   4.18553923
 33.35   4.16723256
 33.36   4.14897914
 33.37   4.13077888
 33.37   4.11263164
 33.38   4.09453732
 33.39   4.07649581
 33.40   4.05850698
 33.40   4.04057072
 33.41   4.02268692
 33.42   4.00485547
 33.43   3.98707625
 33.44   3.96934914
 33.44   3.95167405
 33.45   3.93405084
 33.46   3.91647942
 33.47   3.89895966
 33.47   3.88149147
 33.48   3.86407472
 33.49   3.84670930
 33.50   3.82939511
 33.51   3.81213204
 33.51   3.79491997
 33.52   3.77775879
 33.53   3.76064840
 33.54   3.74358869
 33.54   3.72657955
 33.55   3.70962086
 33.56   3.69271253
 33.57   3.67585444
 33.58   3.65904649
 33.58   3.64228856
 33.59   3.62558056
 33.60   3.60892237
 33.61   3.59231389
 33.61   3.57575502
 33.62   3.55924564
 33.63   3.54278565
 33.64   3.52637495
 33.65   3.51001343
 33.65   3.49370099
 33.66   3.47743752
 33.67   3.46122293
 33.68   3.44505709
 33.68   3.42893992
 33.69   3.41287131
 33.70   3.39685115
 33.71   3.38087935
 33.72   3.36495580
 33.72   3.34908040
 33.73   3.33325305
 33.74   3.31747365
 33.75   3.30174209
 33.75   3.28605828
 33.76   3.27042211
 33.77   3.25483348
 33.78   3.23929231
 33.79   3.22379847
 33.79   3.20835189
 33.80   3.19295245
 33.81   3.17760005
 33.82   3.16229461
 33.82   3.14703602
 33.83   3.13182419
 33.84   3.11665901
 33.85   3.10154039
 33.86   3.08646823
 33.86   3.07144244
 33.87   3.05646292
 33.88   3.04152957
 33.89   3.02664229
 33.89   3.01180100
 33.90   2.99700560
 33.91   2.98225598
 33.92   2.96755207
 33.93   2.95289375
 33.93   2.93828094
 33.94   2.92371355
 33.95   2.90919148
 33.96   2.89471463
 33.96   2.88028292
 33.97   2.86589625
 33.98   2.85155453
 33.99   2.83725766
 34.00   2.82300556
 34.00   2.80879813
 34.01   2.79463528
 34.02   2.78051693
 34.03   2.76644297
 34.03   2.75241332
 34.04   2.73842789
 34.05   2.72448659
 34.06   2.71058932
 34.07   2.69673601
 34.07   2.68292655
 34.08   2.66916087
 34.09   2.65543886
 34.10   2.64176045
 34.10   2.62812555
 34.11   2.61453406
 34.12   2.60098590
 34.13   2.58748099
 34.14   2.57401923
 34.14   2.56060054
 34.15   2.54722483
 34.16   2.53389201
 34.17   2.52060201
 34.17   2.50735473
 34.18   2.49415009
 34.19   2.48098800
 34.20   2.46786837
 34.21   2.45479113
 34.21   2.44175619
 34.22   2.42876347
 34.23   2.41581287
 34.24   2.40290432
 34.24   2.39003773
 34.25   2.37721303
 34.26   2.36443012
 34.27   2.35168892
 34.28   2.33898936
 34.28   2.32633135
 34.29   2.31371480
 34.30   2.30113964
 34.31   2.28860579
 34.31   2.27611316
 34.32   2.26366167
 34.33   2.25125125
 34.34   2.23888181
 34.35   2.22655327
 34.35   2.21426555
 34.36   2.20201857
 34.37   2.18981226
 34.38   2.17764653
 34.38   2.16552130
 34.39   2.15343650
 34.40   2.14139205
 34.41   2.12938788
 34.42   2.11742389
 34.42   2.10550001
 34.43   2.09361618
 34.44   2.08177230
 34.45   2.06996831
 34.45   2.05820413
 34.46   2.04647967
 34.47   2.03479487
 34.48   2.02314965
 34.49   2.01154393
 34.49   1.99997764
 34.50   1.98845070
 34.51   1.97696304
 34.52   1.96551458
 34.52   1.95410525
 34.53   1.94273497
 34.54   1.93140368
 34.55   1.92011129
 34.56   1.90885774
 34.56   1.89764294
 34.57   1.88646684
 34.58   1.87532935
 34.59   1.86423040
 34.59   1.85316992
 34.60   1.84214784
 34.61   1.83116409
 34.62   1.82021859
 34.63   1.80931128
 34.63   1.79844208
 34.64   1.78761092
 34.65   1.77681774
 34.66   1.76606245
 34.66   1.75534500
 34.67   1.74466531
 34.68   1.73402332
 34.69   1.72341894
 34.70   1.71285213
 34.70   1.70232279
 34.71   1.69183088
 34.72   1.68137631
 34.73   1.67095902
 34.73   1.66057895
 34.74   1.65023602
 34.75   1.63993017
 34.76   1.62966133
 34.77   1.61942944
 34.77   1.60923442
 34.78   1.59907621
 34.79   1.58895475
 34.80   1.57886996
 34.80   1.56882179
 34.81   1.55881017
 34.82   1.54883503
 34.83   1.53889631
 34.84   1.52899394
 34.84   1.51912786
 34.85   1.50929800
 34.86   1.49950431
 34.87   1.48974671
 34.87   1.48002514
 34.88   1.47033954
 34.89   1.46068985
 34.90   1.45107600
 34.91   1.44149793
 34.91   1.43195559
 34.93   1.41576371
 34.94   1.39691799
 34.96   1.37820562
 34.98   1.35962909
 34.99   1.34118984
 35.01   1.32288866
 35.02   1.30472588
 35.04   1.28670158
 35.05   1.26881564
 35.07   1.25106782
 35.08   1.23345782
 35.10   1.21598529
 35.12   1.19864984
 35.13   1.18145107
 35.15   1.16438855
 35.16   1.14746187
 35.18   1.13067060
 35.19   1.11401432
 35.21   1.09749260
 35.22   1.08110501
 35.24   1.06485114
 35.26   1.04873056
 35.27   1.03274286
 35.29   1.01688764
 35.30   1.00116447
 35.32   0.98557296
 35.33   0.97011270
 35.35   0.95478330
 35.36   0.93958436
 35.38   0.92451550
 35.40   0.90957632
 35.41   0.89476645
 35.43   0.88008551
 35.44   0.86553312
 35.46   0.85110891
 35.47   0.83681253
 35.49   0.82264360
 35.50   0.80860176
 35.52   0.79468667
 35.54   0.78089798
 35.55   0.76723533
 35.57   0.75369839
 35.58   0.74028682
 35.60   0.72700028
 35.61   0.71383845
 35.63   0.70080101
 35.64   0.68788763
 35.66   0.67509799
 35.68   0.66243179
 35.69   0.64988871
 35.71   0.63746846
 35.72   0.62517073
 35.74   0.61299524
 35.75   0.60094168
 35.77   0.58900979
 35.78   0.57719927
 35.80   0.56550986
 35.82   0.55394128
 35.83   0.54249327
 35.85   0.53116556
 35.86   0.51995790
 35.88   0.50887005
 35.89   0.49790174
 35.91   0.48705276
 35.92   0.47632285
 35.94   0.46571179
 35.96   0.45521935
 35.97   0.44484533
 35.99   0.43458949
 36.00   0.42445165
 36.02   0.41443159
 36.03   0.40452911
 36.05   0.39474404
 36.06   0.38507619
 36.08   0.37552537
 36.10   0.36609142
 36.11   0.35677418
 36.13   0.34757349
 36.14   0.33848920
 36.16   0.32952116
 36.17   0.32066924
 36.19   0.31193331
 36.20   0.30331325
 36.22   0.29480895
 36.24   0.28642030
 36.25   0.27814721
 36.27   0.26998959
 36.28   0.26194735
 36.31   0.24738368
 36.34   0.23205900
 36.38   0.21719258
 36.41   0.20278566
 36.44   0.18883911
 36.47   0.17535370
 36.50   0.16233021
 36.53   0.14976957
 36.56   0.13767288
 36.59   0.12604149
 36.62   0.11487704
 36.66   0.10418152
 36.69   0.09395729
 36.72   0.08420719
 36.75   0.07493458
 36.78   0.06614341
 36.81   0.05783836
 36.84   0.05002493
 36.90   0.03638858
 36.97   0.02421607
 37.03   0.01421467
 37.15   0.00164103
 39.14   0.00000000
 41.13   0.00000000
 43.12   0.00000000
 45.12   0.00000000
 47.11   0.00000000
 49.10   0.00000000
 51.09   0.00000000
