t(min) runoff_rate(mm/h)
  0.17   0.19091924
  0.27   0.41741644
  0.37   0.71028191
  0.43   0.91257938
  0.49   1.13783652
  0.55   1.38077103
  0.61   1.64234766
  0.67   1.92169269
  0.73   2.21833969
  0.79   2.53175609
  0.82   2.72555099
  0.86   2.92937538
  0.89   3.13677887
  0.93   3.34987507
  0.97   3.56850990
  1.00   3.79264185
  1.04   4.02219934
  1.07   4.25712042
  1.11   4.49734404
  1.15   4.74281244
  1.18   4.99347006
  1.22   5.24926374
  1.25   5.51014236
  1.29   5.77605683
  1.33   6.04695987
  1.36   6.32280594
  1.40   6.60355110
  1.43   6.88915297
  1.47   7.17957057
  1.51   7.47476427
  1.54   7.77469572
  1.58   8.07932777
  1.60   8.26054564
  1.62   8.45082666
  1.64   8.63930738
  1.67   8.82937690
  1.69   9.02104433
  1.71   9.21435165
  1.73   9.40929297
  1.75   9.60586299
  1.77   9.80405504
  1.79  10.00386255
  1.82  10.20527902
  1.84  10.40829805
  1.86  10.61291334
  1.88  10.81911867
  1.90  11.02690795
  1.92  11.23627516
  1.95  11.44721436
  1.97  11.65971973
  1.99  11.87378549
  2.01  12.08940601
  2.03  12.30657566
  2.05  12.52528897
  2.08  12.74554048
  2.10  12.96732485
  2.12  13.19063681
  2.14  13.41547112
  2.16  13.64182268
  2.18  13.86968637
  2.21  14.09905724
  2.23  14.32993031
  2.25  14.56230074
  2.27  14.79616369
  2.29  15.03151445
  2.31  15.26834828
  2.33  15.50666059
  2.36  15.74644678
  2.38  15.98770235
  2.40  16.23042282
  2.42  16.47460381
  2.44  16.72024093
  2.46  16.96732990
  2.48  17.11165637
  2.49  17.26467647
  2.50  17.41541409
  2.52  17.56612812
  2.53  17.71721686
  2.54  17.86877915
  2.55  18.02084311
  2.57  18.17341712
  2.58  18.32650342
  2.59  18.48010226
  2.61  18.63421313
  2.62  18.78883544
  2.63  18.94396820
  2.65  19.09961086
  2.66  19.25576232
  2.67  19.41242197
  2.68  19.56958886
  2.70  19.72726223
  2.71  19.88544125
  2.72  20.04412511
  2.74  20.20331302
  2.75  20.36300418
  2.76  20.52319779
  2.78  20.68389307
  2.79  20.84508923
  2.80  21.00678550
  2.81  21.16898111
  2.83  21.33167529
  2.84  21.49486727
  2.85  21.65855630
  2.87  21.82274162
  2.88  21.98742248
  2.89  22.15259815
  2.90  22.31826787
  2.92  22.48443092
  2.93  22.65108656
  2.94  22.81823406
  2.96  22.98587271
  2.97  23.15400178
  2.98  23.32262056
  3.00  23.49172833
  3.01  23.66132440
  3.02  23.83140806
  3.03  24.00197861
  3.05  24.17303536
  3.06  24.34457762
  3.07  24.51660470
  3.09  24.68911591
  3.10  24.86211059
  3.11  25.03558806
  3.13  25.20954763
  3.14  25.38398866
  3.15  25.55891047
  3.16  25.73431240
  3.18  25.91019380
  3.19  26.08655402
  3.20  26.26339240
  3.22  26.44070830
  3.23  26.61850107
  3.24  26.79677009
  3.25  26.97551470
  3.27  27.15473429
  3.28  27.33442822
  3.29  27.51459587
  3.31  27.69523661
  3.32  27.87634982
  3.33  28.05793490
  3.35  28.23999122
  3.36  28.42251818
  3.37  28.60551518
  3.38  28.78898160
  3.40  28.97291685
  3.41  29.15732033
  3.42  29.34219146
  3.44  29.52752962
  3.45  29.71333425
  3.46  29.89960476
  3.48  30.08634055
  3.49  30.27354106
  3.50  30.46120571
  3.51  30.64933392
  3.53  30.83792512
  3.54  31.02697875
  3.55  31.21649424
  3.57  31.40647103
  3.58  31.59690856
  3.59  31.78780627
  3.60  31.97916361
  3.62  32.17098002
  3.63  32.36325496
  3.64  32.55598788
  3.66  32.74917824
  3.67  32.94282550
  3.68  33.13692911
  3.70  33.33148855
  3.71  33.52650327
  3.72  33.72197276
  3.73  33.91789647
  3.75  34.11427388
  3.76  34.31110448
  3.77  34.50838773
  3.79  34.70612312
  3.80  34.90431014
  3.81  35.10294826
  3.83  35.30203698
  3.84  35.50157579
  3.85  35.70156418
  3.86  35.90200165
  3.88  36.10288768
  3.89  36.30422180
  3.90  36.50600348
  3.92  36.70823224
  3.93  36.91090759
  3.94  37.11402903
  3.95  37.31759608
  3.97  37.52160824
  3.98  37.72606503
  3.99  37.93096597
  4.01  38.13631058
  4.02  38.34209838
  4.03  38.54832889
  4.05  38.75500163
  4.06  38.96211614
  4.07  39.16967194
  4.08  39.37766857
  4.10  39.58610556
  4.11  39.79498243
  4.12  40.00429874
  4.14  40.21405402
  4.15  40.42424781
  4.16  40.63487965
  4.17  40.84594909
  4.19  41.05745567
  4.20  41.26939895
  4.21  41.48177847
  4.23  41.69459379
  4.24  41.90784446
  4.25  42.12153004
  4.27  42.33565008
  4.28  42.55020414
  4.29  42.76519179
  4.30  42.98061259
  4.32  43.19646610
  4.33  43.41275190
  4.34  43.62946953
  4.36  43.84661860
  4.37  44.06419864
  4.38  44.28220925
  4.40  44.50065000
  4.41  44.71952046
  4.42  44.93882024
  4.43  45.15854884
  4.45  45.37870600
  4.46  45.59929100
  4.47  45.82030397
  4.49  46.04174360
  4.50  46.26361086
  4.51  46.48590332
  4.52  46.70862340
  4.54  46.93176686
  4.55  47.15533833
  4.56  47.37933100
  4.58  47.60375234
  4.59  47.82859267
  4.60  48.05386192
  4.62  48.27954920
  4.63  48.50566296
  4.64  48.73219891
  4.65  48.95914994
  4.67  49.18654236
  4.68  49.41431365
  4.69  49.64258698
  4.71  49.87113177
  4.72  50.10036506
  4.73  50.32953654
  4.75  50.55998835
  4.76  50.78932853
  4.77  50.92160265
  4.77  51.06412924
  4.78  51.20521715
  4.79  51.34391438
  4.80  51.48338706
  4.80  51.62245518
  4.81  51.76184215
  4.82  51.90127561
  4.83  52.04088443
  4.84  52.18062920
  4.84  52.32052532
  4.85  52.46056985
  4.86  52.60076386
  4.87  52.74110727
  4.87  52.88160018
  4.88  53.02224246
  4.89  53.16303412
  4.90  53.30397505
  4.91  53.44506520
  4.91  53.58630447
  4.92  53.72769279
  4.93  53.86923009
  4.94  54.01091629
  4.94  54.15275130
  4.95  54.29473506
  4.96  54.43686748
  4.97  54.57914848
  4.98  54.72157800
  4.98  54.86415594
  4.99  55.00688223
  5.00  55.14975681
  5.01  55.10599245
  5.01  55.07377409
  5.02  55.04390899
  5.03  55.01484386
  5.04  54.98607819
  5.05  54.95743663
  5.05  54.92885095
  5.06  54.90029309
  5.07  54.87175101
  5.08  54.84321938
  5.08  54.81469581
  5.09  54.78617916
  5.10  54.75766894
  5.11  54.72916488
  5.12  54.70066687
  5.12  54.67217486
  5.13  54.64368881
  5.14  54.61520871
  5.15  54.58673456
  5.15  54.55826635
  5.16  54.52980408
  5.17  54.50134776
  5.18  54.47289738
  5.19  54.44445294
  5.19  54.41601445
  5.20  54.38758190
  5.21  54.35915529
  5.22  54.33073463
  5.22  54.30231991
  5.23  54.27391114
  5.24  54.24550832
  5.25  54.21711145
  5.26  54.18872052
  5.26  54.16033554
  5.27  54.13195651
  5.28  54.10358343
  5.29  54.07521630
  5.29  54.04685513
  5.30  54.01849990
  5.31  53.99015063
  5.32  53.96180731
  5.33  53.93346994
  5.33  53.90513853
  5.34  53.87681308
  5.35  53.84849357
  5.36  53.82018003
  5.36  53.79187244
  5.37  53.76357081
  5.38  53.73527514
  5.39  53.70698543
  5.40  53.67870167
  5.40  53.65042388
  5.41  53.62215205
  5.42  53.59388617
  5.43  53.56562626
  5.43  53.53737232
  5.44  53.50912433
  5.45  53.48088231
  5.46  53.45264625
  5.47  53.42441616
  5.47  53.39619204
  5.48  53.36797388
  5.49  53.33976168
  5.50  53.31155546
  5.50  53.28335520
  5.51  53.25516092
  5.52  53.22697260
  5.53  53.19879025
  5.54  53.17061387
  5.54  53.14244346
  5.55  53.11427903
  5.56  53.08612057
  5.57  53.05796808
  5.57  53.02982157
  5.58  53.00168103
  5.59  52.97354646
  5.60  52.94541787
  5.61  52.91729526
  5.61  52.88917862
  5.62  52.86106797
  5.63  52.83296329
  5.64  52.80486459
  5.64  52.77677187
  5.65  52.74868513
  5.66  52.72060437
  5.67  52.69252959
  5.68  52.66446080
  5.68  52.63639798
  5.69  52.60834116
  5.70  52.58029031
  5.71  52.55224545
  5.71  52.52420658
  5.72  52.49617369
  5.73  52.46814679
  5.74  52.44012587
  5.75  52.41211095
  5.75  52.38410201
  5.76  52.35609906
  5.77  52.32810210
  5.78  52.30011113
  5.78  52.27212615
  5.79  52.24414716
  5.80  52.21617416
  5.81  52.18820716
  5.82  52.16024615
  5.82  52.13229113
  5.83  52.10434211
  5.84  52.07639909
  5.85  52.04846206
  5.85  52.02053103
  5.86  51.99260599
  5.87  51.96468696
  5.88  51.93677392
  5.89  51.90886689
  5.89  51.88096585
  5.90  51.85307081
  5.91  51.82518178
  5.92  51.79729875
  5.92  51.76942172
  5.93  51.74155069
  5.94  51.71368567
  5.95  51.68582665
  5.96  51.65797364
  5.96  51.63012664
  5.97  51.60228564
  5.98  51.57445064
  5.99  51.54662166
  5.99  51.51879868
  6.00  51.49098172
  6.01  51.46317077
  6.02  51.43536582
  6.03  51.40756689
  6.03  51.37977397
  6.04  51.35198707
  6.05  51.32420618
  6.06  51.29643130
  6.06  51.26866244
  6.07  51.24089960
  6.08  51.21314277
  6.09  51.18539195
  6.10  51.15764716
  6.10  51.12990838
  6.11  51.10217562
  6.12  51.07444888
  6.13  51.04672816
  6.13  51.01901345
  6.14  50.99130477
  6.15  50.96360210
  6.16  50.93590546
  6.17  50.90821483
  6.17  50.88053023
  6.18  50.85285165
  6.19  50.82517909
  6.20  50.79751255
  6.20  50.76985204
  6.21  50.74219755
  6.22  50.71454909
  6.23  50.68690665
  6.24  50.65927025
  6.24  50.63163987
  6.25  50.60401552
  6.26  50.57639720
  6.27  50.54878492
  6.27  50.52117866
  6.28  50.49357844
  6.29  50.46598426
  6.30  50.43839611
  6.31  50.41081400
  6.31  50.38323792
  6.32  50.35566788
  6.33  50.32810389
  6.34  50.30054593
  6.34  50.27299401
  6.35  50.24544813
  6.36  50.21790829
  6.37  50.19037449
  6.38  50.16284673
  6.38  50.13532502
  6.39  50.10780935
  6.40  50.08029973
  6.41  50.05279614
  6.41  50.02529860
  6.42  49.99780711
  6.43  49.97032166
  6.44  49.94284226
  6.45  49.91536891
  6.45  49.88790160
  6.46  49.86044034
  6.47  49.83298513
  6.48  49.80553597
  6.48  49.77809285
  6.49  49.75065579
  6.50  49.72322478
  6.51  49.69579982
  6.52  49.66838091
  6.52  49.64096805
  6.53  49.61356125
  6.54  49.58616050
  6.55  49.55876581
  6.55  49.53137717
  6.56  49.50399459
  6.57  49.47661806
  6.58  49.44924759
  6.59  49.42188318
  6.59  49.39452483
  6.60  49.36717254
  6.61  49.33982631
  6.62  49.31248614
  6.62  49.28515204
  6.63  49.25782399
  6.64  49.23050201
  6.65  49.20318609
  6.66  49.17587624
  6.66  49.14857245
  6.67  49.12127473
  6.68  49.09398308
  6.69  49.06669749
  6.69  49.03941797
  6.70  49.01214452
  6.71  48.98487714
  6.72  48.95761583
  6.73  48.93036059
  6.73  48.90311142
  6.74  48.87586833
  6.75  48.84863131
  6.76  48.82140036
  6.76  48.79417548
  6.77  48.76695668
  6.78  48.73974396
  6.79  48.71253731
  6.80  48.68533674
  6.80  48.65814225
  6.81  48.63095383
  6.82  48.60377149
  6.83  48.57659524
  6.83  48.54942506
  6.84  48.52226096
  6.85  48.49510295
  6.86  48.46795102
  6.87  48.44080517
  6.87  48.41366540
  6.88  48.38653172
  6.89  48.35940413
  6.90  48.33228261
  6.90  48.30516719
  6.91  48.27805785
  6.92  48.25095460
  6.93  48.22385744
  6.94  48.19676637
  6.94  48.16968139
  6.95  48.14260250
  6.96  48.11552970
  6.97  48.08846299
  6.97  48.06140237
  6.98  48.03434785
  6.99  48.00729942
  7.00  47.98025709
  7.01  47.95322085
  7.01  47.92619070
  7.02  47.89916666
  7.03  47.87214871
  7.04  47.84513686
  7.04  47.81813111
  7.05  47.79113146
  7.06  47.76413792
  7.07  47.73715048
  7.08  47.71016916
  7.08  47.68319397
  7.09  47.65622493
  7.10  47.62926206
  7.11  47.60230543
  7.11  47.57535510
  7.12  47.54841120
  7.13  47.52147393
  7.14  47.49454358
  7.15  47.46762058
  7.15  47.44070558
  7.16  47.41379952
  7.17  47.38690374
  7.18  47.36002013
  7.18  47.33315134
  7.19  47.30630099
  7.20  47.27947401
  7.21  47.25267696
  7.22  47.22591851
  7.22  47.19920995
  7.23  47.17256576
  7.24  47.14600430
  7.25  47.11954850
  7.25  47.09322664
  7.26  47.06707312
  7.27  47.04112915
  7.28  47.01544343
  7.29  46.99007267
  7.29  46.96508180
  7.30  46.94054402
  7.31  46.91654034
  7.32  46.89315870
  7.32  46.87049254
  7.33  46.84863865
  7.34  46.82769439
  7.35  46.80775418
  7.36  46.78890523
  7.36  46.77122253
  7.37  46.75476335
  7.38  46.73956118
  7.39  46.72561942
  7.39  46.71290511
  7.40  46.70134282
  7.41  46.69080926
  7.42  46.68112874
  7.43  46.67206998
  7.43  46.66334450
  7.44  46.65460690
  7.45  46.64545716
  7.46  46.63544510
  7.46  46.62407697
  7.47  46.61082394
  7.48  46.59513236
  7.49  46.57643517
  7.50  46.55416436
  7.50  46.52776352
  7.51  46.49670036
  7.52  46.46047838
  7.53  46.41864744
  7.53  46.37081267
  7.54  46.31664162
  7.55  46.25586935
  7.56  46.18830150
  7.57  46.11381529
  7.57  46.03235876
  7.58  45.94394826
  7.59  45.84866458
  7.60  45.74664802
  7.60  45.63809255
  7.61  45.52323953
  7.62  45.40237113
  7.63  45.27580363
  7.64  45.14388097
  7.64  45.00696853
  7.65  44.86544732
  7.66  44.71970865
  7.67  44.57014935
  7.67  44.41716752
  7.68  44.26115882
  7.69  44.10251329
  7.70  43.94161269
  7.71  43.77882831
  7.71  43.61451909
  7.72  43.44903029
  7.73  43.28269229
  7.74  43.11581984
  7.74  42.94871144
  7.75  42.78164896
  7.76  42.61489740
  7.77  42.44870485
  7.78  42.28330251
  7.78  42.11890476
  7.79  41.95570942
  7.80  41.79389793
  7.81  41.63363569
  7.81  41.47507236
  7.82  41.31834219
  7.83  41.16356445
  7.84  41.01084378
  7.85  40.86027065
  7.85  40.71192176
  7.86  40.56586053
  7.87  40.42213757
  7.88  40.28079119
  7.88  40.14184791
  7.89  40.00532303
  7.90  39.87122119
  7.91  39.73953698
  7.92  39.61025554
  7.92  39.48335323
  7.93  39.35879825
  7.94  39.23655137
  7.95  39.11656653
  7.95  38.99879164
  7.96  38.88316919
  7.97  38.76963696
  7.98  38.65812874
  7.99  38.54857496
  7.99  38.44090335
  8.00  38.33503955
  8.01  38.23090773
  8.02  38.12843113
  8.02  38.02753257
  8.03  37.92813496
  8.04  37.83016168
  8.05  37.73353702
  8.06  37.63818649
  8.06  37.54403712
  8.07  37.45101770
  8.08  37.35905900
  8.09  37.26809391
  8.09  37.17805757
  8.10  37.08888748
  8.11  37.00052350
  8.12  36.91290790
  8.13  36.82598539
  8.13  36.73970304
  8.14  36.65401028
  8.15  36.56885882
  8.16  36.48420260
  8.16  36.39999774
  8.17  36.31620242
  8.18  36.23277685
  8.19  36.14968314
  8.20  36.06688530
  8.20  35.98434911
  8.21  35.90204209
  8.22  35.81993342
  8.23  35.73799391
  8.23  35.65619593
  8.24  35.57451340
  8.25  35.49292172
  8.26  35.41139777
  8.27  35.32991985
  8.27  35.24846771
  8.28  35.16702246
  8.29  35.08556663
  8.30  35.00408407
  8.30  34.92256001
  8.31  34.84098097
  8.32  34.75933480
  8.33  34.67761062
  8.34  34.59579884
  8.34  34.51389106
  8.35  34.43188011
  8.36  34.34976001
  8.37  34.26752588
  8.37  34.18517396
  8.38  34.10270156
  8.39  34.02010698
  8.40  33.93738950
  8.41  33.85454933
  8.41  33.77158752
  8.42  33.68850596
  8.43  33.60530729
  8.44  33.52199485
  8.44  33.43857265
  8.45  33.35504528
  8.46  33.27141788
  8.47  33.18769606
  8.48  33.10388588
  8.48  33.01999379
  8.49  32.93602653
  8.50  32.85199117
  8.51  32.76789497
  8.51  32.68374540
  8.52  32.59955009
  8.53  32.51531675
  8.54  32.43105316
  8.55  32.34676714
  8.55  32.26246652
  8.56  32.17815908
  8.57  32.09385256
  8.58  32.00955460
  8.58  31.92527273
  8.59  31.84101438
  8.60  31.75678682
  8.61  31.67259715
  8.62  31.58845231
  8.62  31.50435906
  8.63  31.42032394
  8.64  31.33635331
  8.65  31.25245332
  8.65  31.16862988
  8.66  31.08488872
  8.67  31.00123531
  8.68  30.91767494
  8.69  30.83421265
  8.69  30.75085326
  8.70  30.66760141
  8.71  30.58446147
  8.72  30.50143764
  8.72  30.41853391
  8.73  30.33575404
  8.74  30.25310162
  8.75  30.17058004
  8.76  30.08819251
  8.76  30.00594204
  8.77  29.92383148
  8.78  29.84186352
  8.79  29.76004067
  8.79  29.67836531
  8.80  29.59683963
  8.81  29.51546573
  8.82  29.43424553
  8.83  29.35318084
  8.83  29.27227334
  8.84  29.19152460
  8.85  29.11093606
  8.86  29.03050909
  8.86  28.95024491
  8.87  28.87014468
  8.88  28.79020945
  8.89  28.71044020
  8.90  28.63083782
  8.90  28.55140312
  8.91  28.47213685
  8.92  28.39303968
  8.93  28.31411222
  8.93  28.23535502
  8.94  28.15676858
  8.95  28.07835333
  8.96  28.00010967
  8.97  27.92203795
  8.97  27.84413846
  8.98  27.76641147
  8.99  27.68885719
  9.00  27.61147582
  9.00  27.53426751
  9.01  27.45723237
  9.02  27.38037050
  9.03  27.30368197
  9.03  27.22716682
  9.04  27.15082505
  9.05  27.07465666
  9.06  26.99866164
  9.07  26.92283992
  9.07  26.84719145
  9.08  26.77171614
  9.09  26.69641390
  9.10  26.62128462
  9.10  26.54632817
  9.11  26.47154441
  9.12  26.39693320
  9.13  26.32249437
  9.14  26.24822776
  9.14  26.17413318
  9.15  26.10021045
  9.16  26.02645937
  9.17  25.95287974
  9.17  25.87947134
  9.18  25.80623396
  9.19  25.73316737
  9.20  25.66027134
  9.21  25.58754564
  9.21  25.51499003
  9.22  25.44260425
  9.23  25.37038807
  9.24  25.29834122
  9.24  25.22646345
  9.25  25.15475450
  9.26  25.08321410
  9.27  25.01184199
  9.28  24.94063789
  9.28  24.86960153
  9.29  24.79873264
  9.30  24.72803093
  9.31  24.65749613
  9.31  24.58712795
  9.32  24.51692611
  9.33  24.44689031
  9.34  24.37702028
  9.35  24.30731571
  9.35  24.23777632
  9.36  24.16840182
  9.37  24.09919190
  9.38  24.03014627
  9.38  23.96126464
  9.39  23.89254670
  9.40  23.82399216
  9.41  23.75560070
  9.42  23.68737204
  9.42  23.61930586
  9.43  23.55140187
  9.44  23.48365974
  9.45  23.41607919
  9.45  23.34865991
  9.46  23.28140157
  9.47  23.21430389
  9.48  23.14736654
  9.49  23.08058922
  9.49  23.01397162
  9.50  22.94751343
  9.51  22.88121433
  9.52  22.81507401
  9.52  22.74909217
  9.53  22.68326849
  9.54  22.61760265
  9.55  22.55209434
  9.56  22.48674325
  9.56  22.42154907
  9.57  22.35651147
  9.58  22.29163015
  9.59  22.22690479
  9.59  22.16233508
  9.60  22.09792069
  9.61  22.03366132
  9.62  21.96955664
  9.63  21.90560635
  9.63  21.84181013
  9.64  21.77816765
  9.65  21.71467861
  9.66  21.65134269
  9.66  21.58815957
  9.67  21.52512894
  9.68  21.46225047
  9.69  21.39952386
  9.70  21.33694879
  9.70  21.27452495
  9.71  21.21225200
  9.72  21.15012965
  9.73  21.08815758
  9.73  21.02633547
  9.74  20.96466300
  9.75  20.90313986
  9.76  20.84176574
  9.77  20.78054031
  9.77  20.71946328
  9.78  20.65853431
  9.79  20.59775311
  9.80  20.53711935
  9.80  20.47663272
  9.81  20.41629291
  9.82  20.35609961
  9.83  20.29605250
  9.84  20.23615128
  9.84  20.17639562
  9.85  20.11678522
  9.86  20.05731978
  9.87  19.99799897
  9.87  19.93882249
  9.88  19.87979002
  9.89  19.82090127
  9.90  19.76215592
  9.91  19.70355366
  9.91  19.64509418
  9.92  19.58677718
  9.93  19.52860235
  9.94  19.47056939
  9.94  19.41267798
  9.95  19.35492783
  9.96  19.29731862
  9.97  19.23985005
  9.98  19.18252183
  9.98  19.12533364
  9.99  19.06828519
 10.00  19.01137616
 10.01  18.95460626
 10.01  18.89797520
 10.02  18.84148266
 10.03  18.78512834
 10.04  18.72891196
 10.05  18.67283320
 10.05  18.61689178
 10.06  18.56108738
 10.07  18.50541972
 10.08  18.44988851
 10.08  18.39449343
 10.09  18.33923420
 10.10  18.28411053
 10.11  18.22912211
 10.12  18.17426866
 10.12  18.11954988
 10.13  18.06496548
 10.14  18.01051516
 10.15  17.95619865
 10.15  17.90201564
 10.16  17.84796584
 10.17  17.79404897
 10.18  17.74026475
 10.19  17.68661287
 10.19  17.63309305
 10.20  17.57970501
 10.21  17.52644845
 10.22  17.47332310
 10.22  17.42032867
 10.23  17.36746487
 10.24  17.31473143
 10.25  17.26212805
 10.26  17.20965445
 10.26  17.15731036
 10.27  17.10509548
 10.28  17.05300955
 10.29  17.00105228
 10.29  16.94922338
 10.30  16.89752259
 10.31  16.84594962
 10.32  16.79450420
 10.33  16.74318604
 10.33  16.69199488
 10.34  16.64093043
 10.35  16.58999242
 10.36  16.53918057
 10.36  16.48849462
 10.37  16.43793428
 10.38  16.38749929
 10.39  16.33718937
 10.40  16.28700425
 10.40  16.23694366
 10.41  16.18700732
 10.42  16.13719498
 10.43  16.08750635
 10.43  16.03794117
 10.44  15.98849917
 10.45  15.93918008
 10.46  15.88998364
 10.47  15.84090958
 10.47  15.79195763
 10.48  15.74312752
 10.49  15.69441900
 10.50  15.64583180
 10.50  15.59736564
 10.51  15.54902028
 10.52  15.50079544
 10.53  15.45269087
 10.54  15.40470629
 10.54  15.35684146
 10.55  15.30909611
 10.56  15.26146998
 10.57  15.21396281
 10.57  15.16657433
 10.58  15.11930430
 10.59  15.07215245
 10.60  15.02511853
 10.61  14.97820228
 10.61  14.93140343
 10.62  14.88472175
 10.63  14.83815696
 10.64  14.79170882
 10.64  14.74537706
 10.65  14.69916145
 10.66  14.65306171
 10.67  14.60707760
 10.68  14.56120887
 10.68  14.51545526
 10.69  14.46981653
 10.70  14.42429241
 10.71  14.37888267
 10.71  14.33358704
 10.72  14.28840528
 10.73  14.24333715
 10.74  14.19838238
 10.75  14.15354074
 10.75  14.10881197
 10.76  14.06419583
 10.77  14.01969207
 10.78  13.97530044
 10.78  13.93102070
 10.79  13.88685261
 10.80  13.84279591
 10.81  13.79885036
 10.82  13.75501572
 10.82  13.71129174
 10.83  13.66767818
 10.84  13.62417481
 10.85  13.58078136
 10.85  13.53749761
 10.86  13.49432331
 10.87  13.45125823
 10.88  13.40830211
 10.89  13.36545472
 10.89  13.32271582
 10.90  13.28008517
 10.91  13.23756253
 10.92  13.19514767
 10.92  13.15284034
 10.93  13.11064030
 10.94  13.06854733
 10.95  13.02656118
 10.96  12.98468162
 10.96  12.94290840
 10.97  12.90124131
 10.98  12.85968009
 10.99  12.81822452
 10.99  12.77687436
 11.00  12.73562938
 11.01  12.69448935
 11.02  12.65345402
 11.03  12.61252318
 11.03  12.57169658
 11.04  12.53097400
 11.05  12.49035520
 11.06  12.44983996
 11.06  12.40942804
 11.07  12.36911922
 11.08  12.32891326
 11.09  12.28880993
 11.10  12.24880901
 11.10  12.20891027
 11.11  12.16911347
 11.12  12.12941840
 11.13  12.08982483
 11.13  12.05033253
 11.14  12.01094127
 11.15  11.97165082
 11.16  11.93246097
 11.17  11.89337149
 11.17  11.85438215
 11.18  11.81549273
 11.19  11.77670300
 11.20  11.73801275
 11.20  11.69942174
 11.21  11.66092976
 11.22  11.62253659
 11.23  11.58424200
 11.24  11.54604577
 11.24  11.50794768
 11.25  11.46994752
 11.26  11.43204505
 11.27  11.39424007
 11.27  11.35653235
 11.28  11.31892167
 11.29  11.28140783
 11.30  11.24399058
 11.31  11.20666973
 11.31  11.16944506
 11.32  11.13231634
 11.33  11.09528336
 11.34  11.05834590
 11.34  11.02150376
 11.35  10.98475671
 11.36  10.94810454
 11.37  10.91154704
 11.38  10.87508399
 11.38  10.83871518
 11.39  10.80244040
 11.40  10.76625943
 11.41  10.73017207
 11.41  10.69417809
 11.42  10.65827730
 11.43  10.62246947
 11.44  10.58675440
 11.45  10.55113189
 11.45  10.51560171
 11.46  10.48016366
 11.47  10.44481753
 11.48  10.40956311
 11.48  10.37440020
 11.49  10.33932859
 11.50  10.30434807
 11.51  10.26945843
 11.52  10.23465947
 11.52  10.19995098
 11.53  10.16533276
 11.54  10.13080461
 11.55  10.09636631
 11.55  10.06201766
 11.56  10.02775846
 11.57   9.99358851
 11.58   9.95950760
 11.59   9.92551554
 11.59   9.89161211
 11.60   9.85779712
 11.61   9.82407037
 11.62   9.79043165
 11.62   9.75688077
 11.63   9.72341752
 11.64   9.69004171
 11.65   9.65675313
 11.66   9.62355160
 11.66   9.59043690
 11.67   9.55740885
 11.68   9.52446723
 11.69   9.49161187
 11.69   9.45884256
 11.70   9.42615910
 11.71   9.39356130
 11.72   9.36104896
 11.73   9.32862190
 11.73   9.29627990
 11.74   9.26402279
 11.75   9.23185036
 11.76   9.19976243
 11.76   9.16775879
 11.77   9.13583927
 11.78   9.10400366
 11.79   9.07225177
 11.80   9.04058341
 11.80   9.00899840
 11.81   8.97749654
 11.82   8.94607764
 11.83   8.91474151
 11.83   8.88348797
 11.84   8.85231682
 11.85   8.82122787
 11.86   8.79022095
 11.87   8.75929585
 11.87   8.72845240
 11.88   8.69769041
 11.89   8.66700969
 11.90   8.63641005
 11.90   8.60589131
 11.91   8.57545328
 11.92   8.54509579
 11.93   8.51481864
 11.94   8.48462166
 11.94   8.45450465
 11.95   8.42446744
 11.96   8.39450984
 11.97   8.36463168
 11.97   8.33483276
 11.98   8.30511292
 11.99   8.27547196
 12.00   8.24590971
 12.01   8.21642598
 12.01   8.18702061
 12.02   8.15769340
 12.03   8.12844418
 12.04   8.09927277
 12.04   8.07017900
 12.05   8.04116268
 12.06   8.01222365
 12.07   7.98336171
 12.08   7.95457670
 12.08   7.92586844
 12.09   7.89723675
 12.10   7.86868147
 12.11   7.84020240
 12.11   7.81179939
 12.12   7.78347226
 12.13   7.75522083
 12.14   7.72704492
 12.15   7.69894438
 12.15   7.67091902
 12.16   7.64296868
 12.17   7.61509317
 12.18   7.58729234
 12.18   7.55956601
 12.19   7.53191400
 12.20   7.50433616
 12.21   7.47683231
 12.22   7.44940228
 12.22   7.42204591
 12.23   7.39476302
 12.24   7.36755344
 12.25   7.34041702
 12.25   7.31335358
 12.26   7.28636296
 12.27   7.25944498
 12.28   7.23259950
 12.29   7.20582633
 12.29   7.17912531
 12.30   7.15249629
 12.31   7.12593909
 12.32   7.09945355
 12.32   7.07303951
 12.33   7.04669680
 12.34   7.02042527
 12.35   6.99422475
 12.36   6.96809508
 12.36   6.94203609
 12.37   6.91604764
 12.38   6.89012954
 12.39   6.86428166
 12.39   6.83850382
 12.40   6.81279586
 12.41   6.78715763
 12.42   6.76158898
 12.43   6.73608973
 12.43   6.71065973
 12.44   6.68529883
 12.45   6.66000687
 12.46   6.63478369
 12.46   6.60962913
 12.47   6.58454305
 12.48   6.55952528
 12.49   6.53457566
 12.50   6.50969405
 12.50   6.48488029
 12.51   6.46013423
 12.52   6.43545570
 12.53   6.41084457
 12.53   6.38630067
 12.54   6.36182386
 12.55   6.33741397
 12.56   6.31307087
 12.57   6.28879439
 12.57   6.26458440
 12.58   6.24044073
 12.59   6.21636323
 12.60   6.19235177
 12.60   6.16840618
 12.61   6.14452632
 12.62   6.12071204
 12.63   6.09696320
 12.64   6.07327963
 12.64   6.04966121
 12.65   6.02610777
 12.66   6.00261918
 12.67   5.97919528
 12.67   5.95583593
 12.68   5.93254099
 12.69   5.90931031
 12.70   5.88614374
 12.71   5.86304114
 12.71   5.84000237
 12.72   5.81702728
 12.73   5.79411573
 12.74   5.77126758
 12.74   5.74848268
 12.75   5.72576089
 12.76   5.70310207
 12.77   5.68050608
 12.78   5.65797277
 12.78   5.63550201
 12.79   5.61309366
 12.80   5.59074757
 12.81   5.56846360
 12.81   5.54624162
 12.82   5.52408149
 12.83   5.50198307
 12.84   5.47994621
 12.85   5.45797079
 12.85   5.43605667
 12.86   5.41420370
 12.87   5.39241175
 12.88   5.37068068
 12.88   5.34901037
 12.89   5.32740066
 12.90   5.30585143
 12.91   5.28436255
 12.92   5.26293387
 12.92   5.24156526
 12.93   5.22025660
 12.94   5.19900774
 12.95   5.17781855
 12.95   5.15668890
 12.96   5.13561865
 12.97   5.11460768
 12.98   5.09365585
 12.99   5.07276304
 12.99   5.05192910
 13.00   5.03115391
 13.01   5.01043734
 13.02   4.98977926
 13.02   4.96917953
 13.03   4.94863804
 13.04   4.92815464
 13.05   4.90772921
 13.06   4.88736163
 13.06   4.86705176
 13.07   4.84679948
 13.08   4.82660466
 13.09   4.80646717
 13.09   4.78638689
 13.10   4.76636369
 13.11   4.74639743
 13.12   4.72648801
 13.13   4.70663529
 13.13   4.68683915
 13.14   4.66709945
 13.15   4.64741609
 13.16   4.62778893
 13.16   4.60821785
 13.17   4.58870273
 13.18   4.56924344
 13.19   4.54983987
 13.20   4.53049188
 13.20   4.51119936
 13.21   4.49196219
 13.22   4.47278024
 13.23   4.45365339
 13.23   4.43458152
 13.24   4.41556452
 13.25   4.39660226
 13.26   4.37769462
 13.27   4.35884148
 13.27   4.34004273
 13.28   4.32129824
 13.29   4.30260790
 13.30   4.28397159
 13.30   4.26538919
 13.31   4.24686058
 13.32   4.22838565
 13.33   4.20996427
 13.34   4.19159634
 13.34   4.17328174
 13.35   4.15502035
 13.36   4.13681205
 13.37   4.11865673
 13.37   4.10055428
 13.38   4.08250458
 13.39   4.06450751
 13.40   4.04656297
 13.41   4.02867084
 13.41   4.01083100
 13.42   3.99304334
 13.43   3.97530776
 13.44   3.95762413
 13.44   3.93999235
 13.45   3.92241230
 13.46   3.90488387
 13.47   3.88740696
 13.48   3.86998144
 13.48   3.85260721
 13.49   3.83528417
 13.50   3.81801219
 13.51   3.80079117
 13.51   3.78362101
 13.52   3.76650158
 13.53   3.74943279
 13.54   3.73241453
 13.55   3.71544668
 13.55   3.69852914
 13.56   3.68166180
 13.57   3.66484455
 13.58   3.64807729
 13.58   3.63135992
 13.59   3.61469232
 13.60   3.59807438
 13.61   3.58150601
 13.62   3.56498710
 13.62   3.54851754
 13.63   3.53209723
 13.64   3.51572606
 13.65   3.49940393
 13.65   3.48313073
 13.66   3.46690637
 13.67   3.45073073
 13.68   3.43460372
 13.69   3.41852524
 13.69   3.40249517
 13.70   3.38651342
 13.71   3.37057989
 13.72   3.35469448
 13.72   3.33885707
 13.73   3.32306758
 13.74   3.30732590
 13.75   3.29163194
 13.76   3.27598558
 13.76   3.26038674
 13.77   3.24483531
 13.78   3.22933119
 13.79   3.21387429
 13.79   3.19846450
 13.80   3.18310173
 13.81   3.16778587
 13.82   3.15251684
 13.83   3.13729453
 13.83   3.12211885
 13.84   3.10698970
 13.85   3.09190698
 13.86   3.07687060
 13.86   3.06188046
 13.87   3.04693646
 13.88   3.03203851
 13.89   3.01718652
 13.89   3.00238038
 13.90   2.98762001
 13.91   2.97290531
 13.92   2.95823618
 13.93   2.94361254
 13.93   2.92903428
 13.94   2.91450131
 13.95   2.90001355
 13.96   2.88557090
 13.96   2.87117326
 13.97   2.85682055
 13.98   2.84251267
 13.99   2.82824953
 14.00   2.81403104
 14.00   2.79985711
 14.01   2.78572764
 14.02   2.77164255
 14.03   2.75760175
 14.03   2.74360514
 14.04   2.72965264
 14.05   2.71574416
 14.06   2.70187960
 14.07   2.68805888
 14.07   2.67428191
 14.08   2.66054861
 14.09   2.64685887
 14.10   2.63321262
 14.10   2.61960977
 14.11   2.60605023
 14.12   2.59253391
 14.13   2.57906073
 14.14   2.56563060
 14.14   2.55224343
 14.15   2.53889914
 14.16   2.52559763
 14.17   2.51233884
 14.17   2.49912266
 14.18   2.48594903
 14.19   2.47281784
 14.20   2.45972902
 14.21   2.44668247
 14.21   2.43367813
 14.22   2.42071590
 14.23   2.40779571
 14.24   2.39491746
 14.24   2.38208107
 14.25   2.36928647
 14.26   2.35653357
 14.27   2.34382228
 14.28   2.33115253
 14.28   2.31852423
 14.29   2.30593731
 14.30   2.29339168
 14.31   2.28088725
 14.31   2.26842396
 14.32   2.25600171
 14.33   2.24362044
 14.34   2.23128005
 14.35   2.21898048
 14.35   2.20672163
 14.36   2.19450343
 14.37   2.18232581
 14.38   2.17018868
 14.38   2.15809196
 14.39   2.14603559
 14.40   2.13401947
 14.41   2.12204353
 14.42   2.11010769
 14.42   2.09821189
 14.43   2.08635603
 14.44   2.07454005
 14.45   2.06276386
 14.45   2.05102739
 14.46   2.03933057
 14.47   2.02767332
 14.48   2.01605556
 14.49   2.00447722
 14.49   1.99293823
 14.50   1.98143850
 14.51   1.96997797
 14.52   1.95855656
 14.52   1.94717419
 14.53   1.93583080
 14.54   1.92452631
 14.55   1.91326064
 14.56   1.90203373
 14.56   1.89084549
 14.57   1.87969587
 14.58   1.86858478
 14.59   1.85751215
 14.59   1.84647792
 14.60   1.83548200
 14.61   1.82452434
 14.62   1.81360485
 14.63   1.80272348
 14.63   1.79188013
 14.64   1.78107476
 14.65   1.77030728
 14.66   1.75957763
 14.66   1.74888573
 14.67   1.73823153
 14.68   1.72761494
 14.69   1.71703590
 14.70   1.70649434
 14.70   1.69599020
 14.71   1.68552340
 14.72   1.67509387
 14.73   1.66470156
 14.73   1.65434638
 14.74   1.64402828
 14.75   1.63374719
 14.76   1.62350304
 14.77   1.61329576
 14.77   1.60312529
 14.78   1.59299157
 14.79   1.58289452
 14.80   1.57283407
 14.80   1.56281018
 14.81   1.55282276
 14.82   1.54287176
 14.83   1.53295711
 14.84   1.52307875
 14.84   1.51323661
 14.85   1.50343062
 14.86   1.49366073
 14.87   1.48392688
 14.87   1.47422899
 14.88   1.46456700
 14.89   1.45494086
 14.90   1.44535049
 14.91   1.43579585
 14.92   1.41958436
 14.94   1.40071412
 14.95   1.38197719
 14.97   1.36337607
 14.98   1.34491222
 15.00   1.32658642
 15.01   1.30839903
 15.03   1.29035011
 15.05   1.27243955
 15.06   1.25466712
 15.08   1.23703251
 15.09   1.21953537
 15.11   1.20217532
 15.12   1.18495194
 15.14   1.16786483
 15.15   1.15091356
 15.17   1.13409771
 15.19   1.11741685
 15.20   1.10087056
 15.22   1.08445841
 15.23   1.06817998
 15.25   1.05203486
 15.26   1.03602263
 15.28   1.02014287
 15.29   1.00439519
 15.31   0.98877917
 15.33   0.97329442
 15.34   0.95794053
 15.36   0.94271712
 15.37   0.92762379
 15.39   0.91266016
 15.40   0.89782585
 15.42   0.88312048
 15.43   0.86854368
 15.45   0.85409507
 15.47   0.83977430
 15.48   0.82558099
 15.50   0.81151479
 15.51   0.79757535
 15.53   0.78376232
 15.54   0.77007535
 15.56   0.75651410
 15.57   0.74307823
 15.59   0.72976741
 15.61   0.71658131
 15.62   0.70351961
 15.64   0.69058198
 15.65   0.67776812
 15.67   0.66507770
 15.68   0.65251042
 15.70   0.64006597
 15.71   0.62774407
 15.73   0.61554441
 15.75   0.60346671
 15.76   0.59151067
 15.78   0.57967603
 15.79   0.56796250
 15.81   0.55636982
 15.82   0.54489771
 15.84   0.53354592
 15.85   0.52231420
 15.87   0.51120228
 15.89   0.50020993
 15.90   0.48933690
 15.92   0.47858296
 15.93   0.46794787
 15.95   0.45743142
 15.96   0.44703339
 15.98   0.43675355
 15.99   0.42659171
 16.01   0.41654766
 16.03   0.40662120
 16.04   0.39681215
 16.06   0.38712032
 16.07   0.37754553
 16.09   0.36808761
 16.10   0.35874640
 16.12   0.34952174
 16.13   0.34041348
 16.15   0.33142146
 16.17   0.32254557
 16.18   0.31378566
 16.20   0.30514162
 16.21   0.29661333
 16.23   0.28820068
 16.24   0.27990359
 16.26   0.27172195
 16.27   0.26365568
 16.29   0.25570473
 16.32   0.24129791
 16.35   0.22615566
 16.38   0.21147165
 16.41   0.19724711
 16.45   0.18348296
 16.48   0.17018005
 16.51   0.15733924
 16.54   0.14496155
 16.57   0.13304819
 16.60   0.12160065
 16.63   0.11062069
 16.66   0.10011045
 16.69   0.09007250
 16.73   0.08050986
 16.76   0.07142611
 16.79   0.06282549
 16.82   0.05471298
 16.85   0.04709447
 16.91   0.03382921
 16.97   0.02207449
 17.04   0.01251661
 19.03   0.00000000
 21.02   0.00000000
