4.83407906235239e-05
0.000522396973798005
0.00234347582934174
0.00707307592678440
0.0169579623454026
0.0349193328035677
0.0644718048597746
0.109558219340704
0.174293773791199
0.262627338942319
0.377947318407984
0.522680016019729
0.697943811265938
0.903325490988838
1.13683109464052
1.39503314073749
1.67339621168010
1.96672537836706
2.26965868942736
2.57712267625618
2.88468742593019
3.18878742383142
3.48680560328634
3.77704224438311
4.05860338674597
4.33124563210221
4.59520881997786
4.85105903821790
5.09955504375919
5.34154338032286
5.57788203135581
5.80938925743771
6.03681285303114
6.26081483720919
6.48196705845902
6.70075397054461
6.91757968405568
7.13277718218509
7.34661824835701
7.55932317160203
7.77106968162549
7.98200083902995
8.19223178996169
8.40185541028300
8.61094693094574
8.81956766868200
9.02776799607751
9.23558968115663
9.44306771490383
9.65023172982525
9.85710709641312
10.0637157688312
10.2700769371660
10.4762075315622
10.6821226135462
10.8878356817052
11.0933589124279
11.2987033513573
11.5038790673206
11.7088952775406
11.9137604507089
12.1184823928359
12.3230683195616
12.5275249176993
12.7318583981101
12.9360745415155
13.1401787384837
13.3441760245596
13.5480711113015
13.7518684138378
13.9555720754392
14.1591859895121
14.3627138193535
14.5661590159453
14.7695248340304
14.9728143466710
15.1760304584643
15.3791759175637
15.5822533266389
15.7852651528834
15.9882137371724
16.1911013024553
16.3939299614604
16.5967017237779
16.7994185023835
17.0020821196519
17.2046943129111
17.4072567395770
17.6097709819060
17.8122385514021
18.0146608929044
18.2170393883859
18.4193753604854
18.6216700757968
18.8239247479343
19.0261405403911
19.2283185692106
19.4304599054812
19.6325655776718
19.8346365738173
20.0366738435680
20.2386783001108
20.4406508219731
20.6425922547172
20.8445034125332
21.0463850797383
21.2482380121873
21.4500629386027
21.6518605618278
21.8536315600098
22.0553765877162
22.2570962769895
22.4587912383446
22.6604620617118
22.8621093173291
23.0637335565882
23.2653353128347
23.4669151021278
23.6684734239606
23.8700107619435
24.0715275844534
24.2730243452505
24.4745014840642
24.6759594271510
24.8773985878245
25.0788193669608
25.2802221534785
25.4816073247981
25.6829752472771
25.8843262766282
26.0856607583152
26.2869790279327
26.4882814115686
26.6895682261489
26.8908397797693
27.0920963720106
27.2933382942403
27.4945658299032
27.6957792547962
27.8969788373341
28.0981648388035
28.2993375136050
28.5004971094869
28.7016438677678
28.9027780235509
29.1038998059300
29.3050094381862
29.5061071379766
29.7071931175169
29.9082675837562
30.1093307385433
30.3103827787895
30.5114238966227
30.7124542795368
30.9134741105346
31.1144835682666
31.3154828271634
31.5164720575630
31.7174514258355
31.9184210944997
32.1193812223389
32.3203319645104
32.5212734726522
32.7222058949849
32.9231293764103
33.1240440586073
33.3249500801240
33.5258475764652
33.7267366801795
33.9276175209413
34.1284902256307
34.3293549184111
34.5302117208035
34.7310607517585
34.9319021277264
35.1327359627243
35.3335623684016
35.5343814541025
35.7351933269274
35.9359980917919
36.1367958514839
36.3375867067193
36.5383707561948
36.7391480966402
36.9399188228687
37.1406830278257
37.3414408026357
37.5421922366481
37.7429374174815
37.9436764310671
38.1444093616897
38.3451362920284
38.5458573031962
38.7465724747774
38.9472818848649
39.1479856100959
39.3486837256869
39.5493763054673
39.7500634219117
39.9507451461732
40.1514215481122
40.3520926963285
40.5527586581895
40.7534194998579
40.9540752863213
41.1547260814167
41.3553719478584
41.5560129472621
41.7566491401699
41.9572805860751
42.1579073434438
42.3585294697398
42.5591470214442
42.7597600540792
42.9603686222273
43.1609727795527
43.3615725788203
43.5621680719160
43.7627593098645
43.9633463428483
44.1639292202249
44.3645079905449
44.5650827015683
44.7656534002812
44.9662201329122
45.1667829449472
45.3673418811460
45.5678969855557
45.7684483015262
45.9689958717243
46.1695397381470
46.3700799421352
46.5706165243873
46.7711495249712
46.9716789833372
47.1722049383303
47.3727274282021
47.5732464906222
47.7737621626899
47.9742744809444
48.1747834813771
48.3752891994406
48.5757916700600
48.7762909276429
48.9767870060887
49.1772799387985
49.3777697586848
49.5782564981800
49.7787401892462
49.9792208633833
50.1796985516373
50.3801732846098
50.5806450924650
50.7811140049391
50.9815800513453
51.1820432605856
51.3825036611543
51.5829612811480
51.7834161482713
51.9838682898444
52.1843177328098
52.3847645037393
52.5852086288394
52.7856501339594
52.9860890445964
53.1865253859022
53.3869591826882
53.5873904594329
53.7878192402861
53.9882455490756
54.1886694093123
54.3890908441957
54.5895098766189
54.7899265291736
54.9903408241566
55.1907527835728
55.3911624291418
55.5915697823008
55.7919748642115
55.9923776957625
56.1927782975756
56.3931766900089
56.5935728931615
56.7939669268783
56.9943588107531
57.1947485641338
57.3951362061251
57.5955217555933
57.7959052311704
57.9962866512566
58.1966660340250
58.3970433974249
58.5974187591855
58.7977921368188
58.9981635476237
59.1985330086890
59.3989005368964
59.5992661489246
59.7996298612510
59.9999916901567
60.2003516517273
60.4007097618580
60.6010660362547
60.8014204904389
61.0017731397477
61.2021239993398
61.4024730841955
61.6028204091207
61.8031659887499
62.0035098375472
62.2038519698099
62.4041923996715
62.6045311411026
62.8048682079145
63.0052036137614
63.2055373721415
63.4058694964012
63.6061999997361
63.8065288951933
64.0068561956730
64.2071819139323
64.4075060625853
64.6078286541069
64.8081497008329
65.0084692149640
65.2087872085662
65.4091036935726
65.6094186817874
65.8097321848843
66.0100442144119
66.2103547817921
66.4106638983252
66.6109715751882
66.8112778234396
67.0115826540186
67.2118860777481
67.4121881053364
67.6124887473769
67.8127880143528
68.0130859166354
68.2133824644877
68.4136776680654
68.6139715374178
68.8142640824892
69.0145553131216
69.2148452390548
69.4151338699271
69.5560055715362
69.6780027857682
69.8390013928841
70.0195006964423
70.2097503482210
70.4048751741108
70.6024375870555
70.8012187935279
71.0006093967641
71.2003046983820
71.4001523491910
71.6000761745955
71.8000380872981
72.0000190436490
72.2000095218246
72.4000047609125
72.6000023804565
72.8000011902284
73.0000005951144
73.2000002975573
73.4000001487789
73.6000000743897
73.8000000371948
74.0000000185977
74.2000000092988
74.4000000046496
74.6000000023251
74.8000000011625
75.0000000005816
75.2000000002907
75.4000000001455
75.6000000000729
75.8000000000366
76.0000000000187
76.2000000000093
76.4000000000048
76.6000000000026
76.8000000000014
77.0000000000009
77.2000000000005
77.4000000000006
77.6000000000004
77.8000000000005
78.0000000000004
78.2000000000004
78.4000000000002
78.6000000000005
78.8000000000003
79.0000000000004
79.2000000000002
79.4000000000004
79.6000000000005
79.8000000000004
80.0000000000005
80.2000000000003
80.4000000000005
80.6000000000003
80.8000000000004
81.0000000000002
81.2000000000004
81.4000000000006
81.6000000000004
81.8000000000005
82.0000000000003
82.2000000000005
82.4000000000004
82.6000000000004
82.8000000000002
83.0000000000004
83.2000000000005
83.4000000000004
83.6000000000005
83.8000000000003
84.0000000000005
84.2000000000004
84.4000000000004
84.6000000000006
84.8000000000004
85.0000000000006
85.2000000000004
85.4000000000005
85.6000000000003
85.8000000000005
86.0000000000007
86.2000000000006
86.4000000000005
86.6000000000004
86.8000000000007
87.0000000000005
87.2000000000005
87.4000000000004
87.6000000000005
87.8000000000007
88.0000000000006
88.2000000000005
88.4000000000004
88.6000000000007
88.8000000000005
89.0000000000005
89.2000000000004
89.4000000000006
89.6000000000008
89.8000000000006
90.0000000000005
90.2000000000004
90.4000000000007
90.6000000000006
90.8000000000005
91.0000000000003
91.2000000000005
91.4000000000007
91.6000000000007
91.8000000000006
92.0000000000005
92.2000000000007
92.4000000000006
92.6000000000008
92.8000000000007
93.0000000000005
93.2000000000008
93.4000000000007
93.6000000000006
93.8000000000005
94.0000000000007
94.2000000000006
94.4000000000008
94.6000000000007
94.8000000000006
95.0000000000009
95.2000000000007
95.4000000000006
95.6000000000005
95.8000000000007
96.0000000000009
96.2000000000008
96.4000000000007
96.6000000000006
96.8000000000009
97.0000000000008
97.2000000000006
97.4000000000005
97.6000000000008
97.8000000000009
98.0000000000008
98.2000000000007
98.4000000000006
98.6000000000009
98.8000000000008
99.0000000000006
99.2000000000005
99.4000000000008
99.6000000000010
99.8000000000009
99.9000000000006
99.9500000000009
99.9750000000006
99.9875000000005
99.9937500000010
99.9968750000009
99.9984375000006
99.9992187500009
99.9996093750006
99.9998046875005
99.9999023437510
99.9999511718759
99.9999755859381
99.9999877929696
99.9999938964850
99.9999969482427
99.9999984741221
99.9999992370614
99.9999996185309
99.9999998092660
99.9999999046332
99.9999999523168
99.9999999761591
99.9999999880799
99.9999999940401
99.9999999970206
99.9999999985105
99.9999999992555
99.9999999996284
99.9999999998146
99.9999999999075
99.9999999999543
99.9999999999773
99.9999999999889
99.9999999999951
99.9999999999980
99.9999999999992
100.000000000000
100.000000000000
100.000000000000
100.000000000001
100.000000000001
100.000000000001
100.000000000001
100.000000000001
100.000000000001
100.000000000001
100.000000000001
100.000000000001
100.000000000001
100.000000000001
100.000000000001
100.000000000001
100.000000000001
100.000000000001
100.000000000001
100.000000000001
100.000000000001
100.000000000001
100.000000000001
100.000000000001
100.000000000001
100.000000000001
100.000000000001
100.000000000001
100.000000000001
100.000000000001
100.000000000001
100.000000000001
100.000000000001
100.000000000001
100.000000000001
100.000000000001
100.000000000001
100.000000000001
100.000000000001
100.000000000001
100.000000000001
100.000000000001
100.000000000001
100.000000000001
100.000000000001
100.000000000001
100.000000000001
100.000000000001
100.000000000001
100.000000000001
100.000000000001
100.000000000001
100.000000000001
100.000000000001
100.000000000001
100.000000000001
100.000000000001
100.000000000001
100.000000000001
100.000000000001
100.000000000001
100.000000000001
100.000000000001
100.000000000001
100.000000000001
100.000000000001
100.000000000001
100.000000000001
100.000000000001
100.000000000001
100.000000000001
100.000000000001
100.000000000001
100.000000000001
100.000000000001
100.000000000001
100.000000000001
100.000000000001
100.000000000001
100.000000000001
100.000000000001
100.000000000001
100.000000000001
100.000000000001
100.000000000001
100.000000000001
100.000000000001
100.000000000001
100.000000000001
100.000000000001
100.000000000001
100.000000000001
100.000000000001
100.000000000001
100.000000000001
100.000000000001
100.000000000001
100.000000000001
100.000000000001
100.000000000001
100.000000000001
100.000000000001
100.000000000001
100.000000000001
100.000000000001
100.000000000001
100.000000000001
100.000000000001
100.000000000001
100.000000000001
100.000000000001
100.000000000001
100.000000000001
100.000000000001
100.000000000001
100.000000000001
100.000000000001
100.000000000001
100.000000000001
100.000000000001
100.000000000001
100.000000000001
100.000000000001
100.000000000001
100.000000000001
100.000000000001
100.000000000001
100.000000000001
100.000000000001
100.000000000001
100.000000000001
100.000000000001
100.000000000001
100.000000000001
100.000000000001
100.000000000001
100.000000000001
100.000000000001
100.000000000001
100.000000000001
100.000000000001
100.000000000001
100.000000000001
100.000000000001
100.000000000001
100.000000000001
100.000000000001
100.000000000001
100.000000000001
100.000000000001
100.000000000001
100.000000000001
100.000000000001
100.000000000001
100.000000000001
100.000000000001
100.000000000001
100.000000000001
100.000000000001
100.000000000001
100.000000000001
100.000000000001
100.000000000001
100.000000000001
100.000000000001
100.000000000001
100.000000000001
100.000000000001
100.000000000001
100.000000000001
100.000000000001
100.000000000001
100.000000000001
100.000000000001
100.000000000001
100.000000000001
100.000000000001
100.000000000001
100.000000000001
100.000000000001
100.000000000001
100.000000000001
100.000000000001
100.000000000001
100.000000000001
100.000000000001
100.000000000001
100.000000000001
100.000000000001
100.000000000001
100.000000000001
100.000000000001
100.000000000001
100.000000000001
100.000000000001
100.000000000001
100.000000000001
100.000000000001
100.000000000001
100.000000000001
100.000000000001
100.000000000001
100.000000000001
100.000000000001
100.000000000001
100.000000000001
100.000000000001
100.000000000001
100.000000000001
100.000000000001
100.000000000001
100.000000000001
100.000000000001
100.000000000001
100.000000000001
100.000000000001
100.000000000001
100.000000000001
100.000000000001
100.000000000001
100.000000000001
100.000000000001
100.000000000001
100.000000000001
100.000000000001
100.000000000001
100.000000000001
100.000000000001
100.000000000001
100.000000000001
100.000000000001
100.000000000001
100.000000000001
100.000000000001
100.000000000001
100.000000000001
100.000000000001
100.000000000001
100.000000000001
100.000000000001
100.000000000001
100.000000000001
100.000000000001
100.000000000001
100.000000000001
100.000000000001
100.000000000001
100.000000000001
100.000000000001
100.000000000001
100.000000000001
100.000000000001
100.000000000001
100.000000000001
100.000000000001
100.000000000001
100.000000000001
100.000000000001
100.000000000001
100.000000000001
100.000000000001
100.000000000001
100.000000000001
100.000000000001
100.000000000001
100.000000000001
100.000000000001
100.000000000001
100.000000000001
100.000000000001
100.000000000001
100.000000000001
100.000000000001
100.000000000001
100.000000000001
100.000000000001
100.000000000001
100.000000000001
100.000000000001
100.000000000001
100.000000000001
100.000000000001
100.000000000001
100.000000000001
100.000000000001
100.000000000001
100.000000000001
100.000000000001
100.000000000001
100.000000000001
100.000000000001
100.000000000001
100.000000000001
100.000000000001
100.000000000001
100.000000000001
100.000000000001
100.000000000001
100.000000000001
100.000000000001
100.000000000001
100.000000000001
100.000000000001
100.000000000001
100.000000000001
100.000000000001
100.000000000001
100.000000000001
100.000000000001
100.000000000001
100.000000000001
100.000000000001
100.000000000001
100.000000000001
100.000000000001
100.000000000001
100.000000000001
100.000000000001
100.000000000001
100.000000000001
100.000000000001
100.000000000001
100.000000000001
100.000000000001
100.000000000001
100.000000000001
100.000000000001
100.000000000001
100.000000000001
100.000000000001
100.000000000001
100.000000000001
100.000000000001
100.000000000001
100.000000000001
100.000000000001
100.000000000001
100.000000000001
100.000000000001
100.000000000001
100.000000000001
100.000000000001
100.000000000001
100.000000000001
100.000000000001
100.000000000001
100.000000000001
100.000000000001
100.000000000001
100.000000000001
100.000000000001
100.000000000001
100.000000000001
100.000000000001
100.000000000001
100.000000000001
100.000000000001
100.000000000001
100.000000000001
100.000000000001
100.000000000001
100.000000000001
100.000000000001
100.000000000001
100.000000000001
100.000000000001
100.000000000001
100.000000000001
100.000000000001
100.000000000001
100.000000000001
100.000000000001
100.000000000001
100.000000000001
100.000000000001
100.000000000001
100.000000000001
100.000000000001
100.000000000001
100.000000000001
100.000000000001
100.000000000001
100.000000000001
100.000000000001
100.000000000001
100.000000000001
100.000000000001
100.000000000001
100.000000000001
100.000000000001
100.000000000001
100.000000000001
100.000000000001
100.000000000001
100.000000000001
100.000000000001
100.000000000001
100.000000000001
100.000000000001
100.000000000001
100.000000000001
100.000000000001
100.000000000001
100.000000000001
100.000000000001
100.000000000001
100.000000000001
100.000000000001
100.000000000001
100.000000000001
100.000000000001
100.000000000001
100.000000000001
100.000000000001
100.000000000001
100.000000000001
100.000000000001
100.000000000001
100.000000000001
100.000000000001
100.000000000001
100.000000000001
100.000000000001
100.000000000001
100.000000000001
100.000000000001
100.000000000001
100.000000000001
100.000000000001
100.000000000001
100.000000000001
100.000000000001
100.000000000001
100.000000000001
100.000000000001
100.000000000001
100.000000000001
100.000000000001
100.000000000001
100.000000000001
100.000000000001
100.000000000001
100.000000000001
100.000000000001
100.000000000001
100.000000000001
100.000000000001
100.000000000001
100.000000000001
100.000000000001
100.000000000001
100.000000000001
100.000000000001
100.000000000001
100.000000000001
100.000000000001
100.000000000001
100.000000000001
100.000000000001
100.000000000001
100.000000000001
100.000000000001
100.000000000001
100.000000000001
100.000000000001
100.000000000001
100.000000000001
100.000000000001
100.000000000001
100.000000000001
100.000000000001
100.000000000001
100.000000000001
100.000000000001
100.000000000001
100.000000000001
100.000000000001
100.000000000001
100.000000000001
100.000000000001
100.000000000001
100.000000000001
100.000000000001
100.000000000001
100.000000000001
100.000000000001
100.000000000001
100.000000000001
100.000000000001
100.000000000001
100.000000000001
100.000000000001
100.000000000001
100.000000000001
100.000000000001
100.000000000001
100.000000000001
100.000000000001
100.000000000001
100.000000000001
100.000000000001
100.000000000001
100.000000000001
100.000000000001
100.000000000001
100.000000000001
100.000000000001
100.000000000001
100.000000000001
100.000000000001
100.000000000001
100.000000000001
100.000000000001
100.000000000001
100.000000000001
100.000000000001
100.000000000001
100.000000000001
100.000000000001
100.000000000001
100.000000000001
100.000000000001
100.000000000001
100.000000000001
100.000000000001
100.000000000001
100.000000000001
100.000000000001
100.000000000001
100.000000000001
100.000000000001
100.000000000001
100.000000000001
100.000000000001
100.000000000001
100.000000000001
100.000000000001
100.000000000001
100.000000000001
100.000000000001
100.000000000001
100.000000000001
100.000000000001
100.000000000001
100.000000000001
100.000000000001
100.000000000001
100.000000000001
100.000000000001
100.000000000001
100.000000000001
100.000000000001
100.000000000001
100.000000000001
100.000000000001
100.000000000001
100.000000000001
100.000000000001
100.000000000001
100.000000000001
100.000000000001
100.000000000001
100.000000000001
100.000000000001
100.000000000001
100.000000000001
100.000000000001
100.000000000001
100.000000000001
100.000000000001
100.000000000001
100.000000000001
100.000000000001
100.000000000001
100.000000000001
100.000000000001
100.000000000001
100.000000000001
100.000000000001
100.000000000001
100.000000000001
100.000000000001
100.000000000001
100.000000000001
100.000000000001
100.000000000001
100.000000000001
100.000000000001
100.000000000001
100.000000000001
100.000000000001
100.000000000001
100.000000000001
100.000000000001
100.000000000001
100.000000000001
100.000000000001
100.000000000001
100.000000000001
100.000000000001
100.000000000001
100.000000000001
100.000000000001
100.000000000001
100.000000000001
100.000000000001
100.000000000001
100.000000000001
100.000000000001
100.000000000001
100.000000000001
100.000000000001
100.000000000001
100.000000000001
100.000000000001
100.000000000001
100.000000000001
100.000000000001
100.000000000001
100.000000000001
100.000000000001
100.000000000001
100.000000000001
100.000000000001
100.000000000001
100.000000000001
100.000000000001
100.000000000001
100.000000000001
100.000000000001
100.000000000001
100.000000000001
100.000000000001
100.000000000001
100.000000000001
100.000000000001
100.000000000001
100.000000000001
100.000000000001
100.000000000001
100.000000000001
100.000000000001
100.000000000001
100.000000000001
100.000000000001
100.000000000001
100.000000000001
100.000000000001
100.000000000001
100.000000000001
100.000000000001
100.000000000001
100.000000000001
100.000000000001
100.000000000001
100.000000000001
100.000000000001
100.000000000001
100.000000000001
100.000000000001
100.000000000001
100.000000000001
100.000000000001
100.000000000001
100.000000000001
100.000000000001
100.000000000001
100.000000000001
100.000000000001
100.000000000001
100.000000000001
100.000000000001
100.000000000001
100.000000000001
100.000000000001
100.000000000001
100.000000000001
100.000000000001
100.000000000001
100.000000000001
100.000000000001
100.000000000001
100.000000000001
100.000000000001
100.000000000001
100.000000000001
100.000000000001
100.000000000001
100.000000000001
100.000000000001
100.000000000001
100.000000000001
100.000000000001
100.000000000001
100.000000000001
100.000000000001
100.000000000001
100.000000000001
100.000000000001
100.000000000001
100.000000000001
100.000000000001
100.000000000001
100.000000000001
100.000000000001
100.000000000001
100.000000000001
100.000000000001
100.000000000001
100.000000000001
100.000000000001
100.000000000001
100.000000000001
100.000000000001
100.000000000001
100.000000000001
100.000000000001
100.000000000001
100.000000000001
100.000000000001
100.000000000001
100.000000000001
100.000000000001
100.000000000001
100.000000000001
100.000000000001
100.000000000001
100.000000000001
100.000000000001
100.000000000001
100.000000000001
100.000000000001
100.000000000001
100.000000000001
100.000000000001
100.000000000001
100.000000000001
100.000000000001
100.000000000001
100.000000000001
100.000000000001
100.000000000001
100.000000000001
100.000000000001
100.000000000001
100.000000000001
100.000000000001
100.000000000001
100.000000000001
100.000000000001
100.000000000001
100.000000000001
100.000000000001
100.000000000001
100.000000000001
100.000000000001
100.000000000001
100.000000000001
100.000000000001
100.000000000001
100.000000000001
100.000000000001
100.000000000001
100.000000000001
100.000000000001
100.000000000001
100.000000000001
100.000000000001
100.000000000001
100.000000000001
100.000000000001
100.000000000001
100.000000000001
100.000000000001
100.000000000001
100.000000000001
100.000000000001
100.000000000001
100.000000000001
100.000000000001
100.000000000001
100.000000000001
100.000000000001
100.000000000001
100.000000000001
100.000000000001
100.000000000001
100.000000000001
100.000000000001
100.000000000001
100.000000000001
100.000000000001
100.000000000001
100.000000000001
100.000000000001
100.000000000001
100.000000000001
100.000000000001
100.000000000001
100.000000000001
100.000000000001
100.000000000001
100.000000000001
100.000000000001
100.000000000001
100.000000000001
100.000000000001
100.000000000001
100.000000000001
100.000000000001
100.000000000001
100.000000000001
100.000000000001
100.000000000001
100.000000000001
100.000000000001
100.000000000001
100.000000000001
100.000000000001
100.000000000001
100.000000000001
100.000000000001
100.000000000001
100.000000000001
100.000000000001
100.000000000001
100.000000000001
100.000000000001
100.000000000001
100.000000000001
100.000000000001
100.000000000001
100.000000000001
100.000000000001
100.000000000001
100.000000000001
100.000000000001
100.000000000001
100.000000000001
100.000000000001
100.000000000001
100.000000000001
100.000000000001
100.000000000001
100.000000000001
100.000000000001
100.000000000001
100.000000000001
100.000000000001
100.000000000001
100.000000000001
100.000000000001
100.000000000001
100.000000000001
100.000000000001
100.000000000001
100.000000000001
100.000000000001
100.000000000001
100.000000000001
100.000000000001
100.000000000001
100.000000000001
100.000000000001
100.000000000001
100.000000000001
100.000000000001
100.000000000001
100.000000000001
100.000000000001
100.000000000001
100.000000000001
100.000000000001
100.000000000001
100.000000000001
100.000000000001
100.000000000001
100.000000000001
100.000000000001
100.000000000001
100.000000000001
100.000000000001
100.000000000001
100.000000000001
100.000000000001
100.000000000001
100.000000000001
100.000000000001
100.000000000001
100.000000000001
100.000000000001
100.000000000001
100.000000000001
100.000000000001
100.000000000001
100.000000000001
100.000000000001
100.000000000001
100.000000000001
100.000000000001
100.000000000001
100.000000000001
100.000000000001
100.000000000001
100.000000000001
100.000000000001
100.000000000001
100.000000000001
100.000000000001
100.000000000001
100.000000000001
100.000000000001
100.000000000001
100.000000000001
100.000000000001
100.000000000001
100.000000000001
100.000000000001
100.000000000001
100.000000000001
100.000000000001
100.000000000001
100.000000000001
100.000000000001
100.000000000001
100.000000000001
100.000000000001
100.000000000001
100.000000000001
100.000000000001
100.000000000001
100.000000000001
100.000000000001
100.000000000001
100.000000000001
100.000000000001
100.000000000001
100.000000000001
100.000000000001
100.000000000001
100.000000000001
100.000000000001
100.000000000001
100.000000000001
100.000000000001
100.000000000001
100.000000000001
100.000000000001
100.000000000001
100.000000000001
100.000000000001
100.000000000001
100.000000000001
100.000000000001
100.000000000001
100.000000000001
100.000000000001
100.000000000001
100.000000000001
100.000000000001
100.000000000001
100.000000000001
100.000000000001
99.8800000000008
99.7000000000008
99.4900000000009
99.2650000000009
99.0325000000007
98.7962500000006
98.5581250000004
98.3190625000004
98.0795312500004
97.8397656250008
97.5998828125007
97.3599414062507
97.1199707031257
96.8799853515631
96.6399926757817
96.3999963378911
96.1599981689458
95.9199990844731
95.6799995422370
95.4399997711184
95.1999998855595
94.9599999427802
94.7199999713903
94.4799999856954
94.2399999928480
93.9999999964242
93.7599999982122
93.5199999991063
93.2799999995533
93.0399999997768
92.7999999998888
92.5599999999446
92.3199999999726
92.0799999999862
91.8399999999934
91.5999999999969
91.3599999999984
91.1199999999994
90.8800000000001
90.6400000000000
90.4000000000002
90.1600000000003
89.9200000000001
89.6799999999999
89.4400000000001
89.2000000000002
88.9600000000004
88.7200000000001
88.4800000000002
88.2400000000001
88.0000000000001
87.7600000000000
87.5200000000001
87.2800000000002
87.0400000000003
86.8000000000001
86.5600000000000
86.3200000000001
86.0799999999999
85.8400000000000
85.6000000000001
85.3600000000002
85.1200000000000
84.8799999999999
84.6400000000000
84.3999999999998
84.1599999999999
83.9200000000000
83.6800000000001
83.4399999999999
83.1999999999998
82.9599999999999
82.7199999999997
82.4799999999998
82.2400000000000
82.0000000000000
81.7599999999997
81.5199999999997
81.2799999999998
81.0399999999996
80.7999999999996
80.5599999999999
80.3199999999999
80.0799999999997
79.8399999999996
79.5999999999998
79.3599999999995
79.1199999999996
78.8799999999997
78.6399999999998
78.3999999999996
78.1599999999996
77.9199999999997
77.6799999999994
77.4399999999996
77.1999999999997
76.9599999999998
76.7199999999999
76.4799999999996
76.2399999999997
75.9999999999997
75.7599999999995
75.5199999999995
75.2799999999997
75.0399999999998
74.7999999999995
74.5599999999996
74.3199999999998
74.0799999999994
73.8399999999994
73.5999999999996
73.3599999999997
73.1199999999995
72.8799999999995
72.6399999999997
72.3999999999997
72.1599999999995
71.9199999999995
71.6799999999997
71.4399999999998
71.1999999999994
70.9599999999996
70.7199999999996
70.4799999999994
70.2399999999994
69.9999999999996
69.7599999999996
69.5199999999994
69.0182834261255
68.7829195042937
68.5430034894283
68.3034486693571
68.0638685278494
67.8242927240108
67.5847190649794
67.3451477320598
67.1055787346551
66.8660120945666
66.6264478330279
66.3868859715970
66.1473265320988
65.9077695366381
65.6682150075989
65.4286629676527
65.1891134397611
64.9495664471810
64.7100220134706
64.4704801624930
64.2309409184215
63.9914043057457
63.7518703492764
63.5123390741496
63.2728105058343
63.0332846701370
62.7937615932067
62.5542413015425
62.3147238219982
62.0752091817884
61.8356974084960
61.5961885300776
61.3566825748693
61.1171795715956
60.8776795493738
60.6381825377221
60.3986885665670
60.1591976662494
59.9197098675331
59.6802252016119
59.4407437001172
59.2012653951261
58.9617903191689
58.7223185052386
58.4828499867980
58.2433847977889
58.0039229726412
57.7644645462811
57.5250095541412
57.2855580321689
57.0461100168372
56.8066655451534
56.5672246546702
56.3277873834952
56.0883537703018
55.8489238543402
55.6094976754480
55.3700752740611
55.1306566912272
54.8912419686152
54.6518311485283
54.4124242739174
54.1730213883921
53.9336225362348
53.6942277624135
53.4548371125961
53.2154506331638
52.9760683712250
52.7366903746313
52.4973166919907
52.2579473726852
52.0185824668849
51.7792220255640
51.5398661005193
51.3005147443850
51.0611680106515
50.8218259536827
50.5824886287345
50.3431560919736
50.1038284004965
49.8645056123497
49.6251877865497
49.3858749831043
49.1465672630328
48.9072646883894
48.6679673222849
48.4286752289094
48.1893884735573
47.9501071226506
47.7108312437637
47.4715609056507
47.2322961782696
46.9930371328114
46.7537838417267
46.5145363787547
46.2752948189528
46.0360592387268
45.7968297158622
45.5576063295547
45.3183891604456
45.0791782906539
44.8399738038115
44.6007757850986
44.3615843212818
44.1223995007498
43.8832214135550
43.6440501514516
43.4048858079383
43.1657284782991
42.9265782596494
42.6874352509795
42.4482995532017
42.2091712691981
41.9700505038700
41.7309373641886
41.4918319592480
41.2527344003184
41.0136448009026
40.7745632767930
40.5354899461316
40.2964249294704
40.0573683498346
39.8183203327887
39.5792810065024
39.3402505018211
39.1012289523371
38.8622164944633
38.6232132675114
38.3842194137678
38.1452350785787
37.9062604104314
37.6672955610440
37.4283406854543
37.1893959421130
36.9504614929810
36.7115375036279
36.4726241433366
36.2337215852094
35.9948300062788
35.7559495876219
35.5170805144796
35.2782229763784
35.0393771672590
34.8005432856072
34.5617215345910
34.3229121222024
34.0841152614045
33.8453311702835
33.6065600722079
33.3678021959914
33.1290577760645
32.8903270526501
32.6516102719489
32.4129076863285
32.1742195545229
31.9355461418381
31.6968877203667
31.4582445692098
31.2196169747098
30.9810052306904
30.7424096387084
30.5038305083143
30.2652681573239
30.0267229121026
29.7881951078589
29.5496850889533
29.3111932092180
29.0727198322913
28.8342653319666
28.5958300925557
28.3574145092693
28.1190189886127
27.8806439487997
27.6422898201865
27.4039570457227
27.1656460814242
26.9273573968681
26.6890914757092
26.4508488162223
26.2126299318679
25.9744353518864
25.7362656219197
25.4981213046635
25.2600029805503
25.0219112484666
24.7838467265048
24.5458100527536
24.3078018861269
24.0698229072354
23.8318738193021
23.5939553491265
23.3560682480963
23.1182132932551
22.8803912884244
22.6426030653867
22.4048494851319
22.1671314391719
21.9294498509271
21.6918056771897
21.4541999096694
21.2166335766260
20.9791077445952
20.7416235202140
20.5041820521524
20.2667845331582
20.0294322022238
19.7921263468825
19.5548683056439
19.3176594705788
19.0805012900634
18.8433952716954
18.6063429853942
18.3693460666993
18.1324062202808
17.8955252236798
17.6587049312956
17.4219472786378
17.1852542868666
16.9486280676420
16.7120708283083
16.4755848774403
16.2391726307811
16.0028366176053
15.7665794875417
15.5304040178956
15.2943131215154
15.0583098552473
14.8223974290349
14.5865792157174
14.3508587615927
14.1152397978143
13.8797262526998
13.6443222650380
13.4090321984888
13.1738606571828
12.9388125026374
12.7038928721222
12.4691071986179
12.2344612325335
11.9999610653635
11.7656131554895
11.5314243563555
11.2974019472742
11.0635536671538
10.8298877514711
10.5964129728595
10.3631386857288
10.1300748753861
9.89723221219553
9.66462211138332
9.43225679918155
9.20014938610091
8.96831394823743
8.73676561764850
8.50552068298921
8.27459670177765
8.04401262587055
7.81378894197514
7.58394782931565
7.35451333691495
7.12551158335731
6.89697098237977
6.66892249821264
6.44139993527223
6.21444026762707
5.98808401464056
5.76237567037565
5.53736419577549
5.31310358436596
5.08965351433345
4.86708010240182
4.64545677808374
4.42486530075408
4.20539694677190
3.98715389979620
3.77025088479768
3.55481709544804
3.34099847606279
3.12896043371846
2.91889107437789
2.71100507989212
2.50554837195702
2.30280374621426
2.10309770688223
1.90680879228872
1.71437775769609
1.52632007750800
1.34324134787050
1.17065733415702
1.03003794292182
0.913778567064430
0.816441161121418
0.734046012080918
0.663621692571334
0.602910324095520
0.550169419830595
0.504035549777511
0.463428601768265
0.427483310549859
0.395499477592778
0.366905238129115
0.341229587542235
0.318081578378042
0.297134389433097
0.278112998415925
0.260784551058677
0.244950769663134
0.230441919569721
0.217111976779381
0.204834729678543
0.193500613067252
0.183014120636676
0.173291677615859
0.164259881941863
0.155854042419436
0.148016957645765
0.140697891217952
0.133851707811736
0.127438141774779
0.121421175400152
0.115768508394754
0.110451103502416
0.105442795985524
0.100719956866142
0.0962612015958509
0.0920471372532287
0.0880601425294042
0.0842841757096929
0.0807046066357716
0.0773080692715723
0.0740823320235422
0.0710161834031823
0.0680993309834929
0.0653223119045778
0.0626764134379843
0.0601536023329589
0.0577464618479273
0.0554481355226734
0.0532522768757427
0.0511530043212823
0.0491448606930215
0.0472227768429833
0.0453820388509808
0.0436182584397195
0.0419273462409321
0.0403054876016314
0.0387491206573102
0.0372549164316421
0.0358197607506190
0.0344407377838042
0.0331151150469034
0.0318403297186947
0.0306139761418201
0.0294337943913845
0.0282976598079841
0.0272035734029522
0.0261496530534369
0.0251341254135903
0.0241553184758433
0.0232116547230131
0.0223016448180128
0.0214238817832966
0.0205770356269073
0.0197598483762495
0.0189711294844666
0.0182097515776948
0.0174746465144591
0.0167648017311987
0.0160792568502994
0.0154171005292164
0.0147774675311848
0.0141595359998020
0.0135625249213147
0.0129856917598967
0.0124283302524640
0.0118897683507472
0.0113693662993902
0.0108665148397834
0.0103806335302145
0.00991116917368473
0.00945759434546073
0.00901940601305869
0.00859612424195506
0.00818729098084162
0.00779246892072453
0.00741124042261284
0.00704320650893442
0.00668798591418657
0.00634521419065944
0.00601454286536942
0.00569563864461986
0.00538818266285148
0.00509186977267287
0.00480640787316965
0.00453151727377303
0.00426693009113702
0.00401238967662606
0.00376765007214097
0.00353247549213572
0.00330663982977427
0.00308992618526164
0.00288212641445795
0.00268304069592972
0.00249247711463863
0.00231025126047694
0.00213618583986151
0.00197011029857160
0.00181186045395919
0.00166127813458406
0.00151821082519421
0.00138251131481104
0.00125403734544483
0.00113265125866841
0.00101821963687425
0.000910612935517792
0.000809705101955993
0.000715373175566749
0.000627496862602315
0.000545958077548818
0.000470640440460709
0.000401428716506913
0.000338208179361876
0.000280863873350206
0.000229279739182391
0.000183337552558995
0.000142915599996367
0.000107886974554452
7.81173007330563e-05
5.34615598490760e-05
3.37594057009128e-05
1.88277193925969e-05
8.44744845938905e-06
2.33599682720283e-06
6.41006930788411e-08
0
0
0
0
0
0
0
0
0
0
0
0
0
0
0
0
0
0
0
0
0
0
0
0
0
0
0
0
0
0
0
0
0
0
0
0
0
0