4.83407906235239e-05
0.000522396973798005
0.00234347582934174
0.00707307592678440
0.0169579623454026
0.0349193328035677
0.0644718048597746
0.109558219340704
0.174293773791199
0.262627338942319
0.377947318407984
0.522680016019729
0.697943811265938
0.903325490988838
1.13683109464052
1.39503314073749
1.67339621168010
1.96672537836706
2.26965868942736
2.57712267625618
2.88468742593019
3.18878742383142
3.48680560328634
3.77704224438311
4.05860338674597
4.33124563210221
4.59520881997786
4.85105903821790
5.09955504375919
5.34154338032286
5.57788203135581
5.80938925743771
6.03681285303114
6.26081483720919
6.48196705845902
6.70075397054461
6.91757968405568
7.13277718218509
7.34661824835701
7.55932317160203
7.77106968162549
7.98200083902995
8.19223178996169
8.40185541028300
8.61094693094574
8.81956766868200
9.02776799607751
9.23558968115663
9.44306771490383
9.65023172982525
9.85710709641312
10.0637157688312
10.2700769371660
10.4762075315622
10.6821226135462
10.8878356817052
11.0933589124279
11.2987033513573
11.5038790673206
11.7088952775406
11.9137604507089
12.1184823928359
12.3230683195616
12.5275249176993
12.7318583981101
12.9360745415155
13.1401787384837
13.3441760245596
13.5480711113015
13.7518684138378
13.9555720754392
14.1591859895121
14.3627138193535
14.5661590159453
14.7695248340304
14.9728143466710
15.1760304584643
15.3791759175637
15.5822533266389
15.7852651528834
15.9882137371724
16.1911013024553
16.3939299614604
16.5967017237779
16.7994185023835
17.0020821196519
17.2046943129111
17.4072567395770
17.6097709819060
17.8122385514021
18.0146608929044
18.2170393883859
18.4193753604854
18.6216700757968
18.8239247479343
19.0261405403911
19.2283185692106
19.4304599054812
19.6325655776718
19.8346365738173
20.0366738435680
20.2386783001108
20.4406508219731
20.6425922547172
20.8445034125332
21.0463850797383
21.2482380121873
21.4500629386027
21.6518605618278
21.8536315600098
22.0553765877162
22.2570962769895
22.4587912383446
22.6604620617118
22.8621093173291
23.0637335565882
23.2653353128347
23.4669151021278
23.6684734239606
23.8700107619435
24.0715275844534
24.2730243452505
24.4745014840642
24.6759594271510
24.8773985878245
25.0788193669608
25.2802221534785
25.4816073247981
25.6829752472771
25.8843262766282
26.0856607583152
26.2869790279327
26.4882814115686
26.6895682261489
26.8908397797693
27.0920963720106
27.2933382942403
27.4945658299032
27.6957792547962
27.8969788373341
28.0981648388035
28.2993375136050
28.5004971094869
28.7016438677678
28.9027780235509
29.1038998059300
29.3050094381862
29.5061071379766
29.7071931175169
29.9082675837562
30.1093307385433
30.3103827787895
30.5114238966227
30.7124542795368
30.9134741105346
31.1144835682666
31.3154828271634
31.5164720575630
31.7174514258355
31.9184210944997
32.1193812223389
32.3203319645104
32.5212734726522
32.7222058949849
32.9231293764103
33.1240440586073
33.3249500801240
33.5258475764652
33.7267366801795
33.9276175209413
34.1284902256307
34.3293549184111
34.5302117208035
34.7310607517585
34.9319021277264
35.1327359627243
35.3335623684016
35.5343814541025
35.7351933269274
35.9359980917919
36.1367958514839
36.3375867067193
36.5383707561948
36.7391480966402
36.9399188228687
37.1406830278257
37.3414408026357
37.5421922366481
37.7429374174815
37.9436764310671
38.1444093616897
38.3451362920284
38.5458573031962
38.7465724747774
38.9472818848649
39.1479856100959
39.3486837256869
39.5493763054673
39.7500634219117
39.9507451461732
40.1514215481122
40.3520926963285
40.5527586581895
40.7534194998579
40.9540752863213
41.1547260814167
41.3553719478584
41.5560129472621
41.7566491401699
41.9572805860751
42.1579073434438
42.3585294697398
42.5591470214442
42.7597600540792
42.9603686222273
43.1609727795527
43.3615725788203
43.5621680719160
43.7627593098645
43.9633463428483
44.1639292202249
44.3645079905449
44.5650827015683
44.7656534002812
44.9662201329122
45.1667829449472
45.3673418811460
45.5678969855557
45.7684483015262
45.9689958717243
46.1695397381470
46.3700799421352
46.5706165243873
46.7711495249712
46.9716789833372
47.1722049383303
47.3727274282021
47.5732464906222
47.7737621626899
47.9742744809444
48.1747834813771
48.3752891994406
48.5757916700600
48.7762909276429
48.9767870060887
49.1772799387985
49.3777697586848
49.5782564981800
49.7787401892462
49.9792208633833
50.1796985516373
50.3801732846098
50.5806450924650
50.7811140049391
50.9815800513453
51.1820432605856
51.3825036611543
51.5829612811480
51.7834161482713
51.9838682898444
52.1843177328098
52.3847645037393
52.5852086288394
52.7856501339594
52.9860890445964
53.1865253859022
53.3869591826882
53.5873904594329
53.7878192402861
53.9882455490756
54.1886694093123
54.3890908441957
54.5895098766189
54.7899265291736
54.9903408241566
55.1907527835728
55.3911624291418
55.5915697823008
55.7919748642115
55.9923776957625
56.1927782975756
56.3931766900089
56.5935728931615
56.7939669268783
56.9943588107531
57.1947485641338
57.3951362061251
57.5955217555933
57.7959052311704
57.9962866512566
58.1966660340250
58.3970433974249
58.5974187591855
58.7977921368188
58.9981635476237
59.1985330086890
59.3989005368964
59.5992661489246
59.7996298612510
59.9999916901567
60.2003516517273
60.4007097618580
60.6010660362547
60.8014204904389
61.0017731397477
61.2021239993398
61.4024730841955
61.6028204091207
61.8031659887499
62.0035098375472
62.2038519698099
62.4041923996715
62.6045311411026
62.8048682079145
63.0052036137614
63.2055373721415
63.4058694964012
63.6061999997361
63.8065288951933
64.0068561956730
64.2071819139323
64.4075060625853
64.6078286541069
64.8081497008329
65.0084692149640
65.2087872085662
65.4091036935726
65.6094186817874
65.8097321848843
66.0100442144119
66.2103547817921
66.4106638983252
66.6109715751882
66.8112778234396
67.0115826540186
67.2118860777481
67.4121881053364
67.6124887473769
67.8127880143528
68.0130859166354
68.2133824644877
68.4136776680654
68.6139715374178
68.8142640824892
69.0145553131216
69.2148452390548
69.4151338699271
69.5560055715362
69.6780027857682
69.8390013928841
70.0195006964423
70.2097503482210
70.4048751741108
70.6024375870555
70.8012187935279
71.0006093967641
71.2003046983820
71.4001523491910
71.6000761745955
71.8000380872981
72.0000190436490
72.2000095218246
72.4000047609125
72.6000023804565
72.8000011902284
73.0000005951144
73.2000002975573
73.4000001487789
73.6000000743897
73.8000000371948
74.0000000185977
74.2000000092988
74.4000000046496
74.6000000023251
74.8000000011625
75.0000000005816
75.2000000002907
75.4000000001455
75.6000000000729
75.8000000000366
76.0000000000187
76.2000000000093
76.4000000000048
76.6000000000026
76.8000000000014
77.0000000000009
77.2000000000005
77.4000000000006
77.6000000000004
77.8000000000005
78.0000000000004
78.2000000000004
78.4000000000002
78.6000000000005
78.8000000000003
79.0000000000004
79.2000000000002
79.4000000000004
79.6000000000005
79.8000000000004
80.0000000000005
80.2000000000003
80.4000000000005
80.6000000000003
80.8000000000004
81.0000000000002
81.2000000000004
81.4000000000006
81.6000000000004
81.8000000000005
82.0000000000003
82.2000000000005
82.4000000000004
82.6000000000004
82.8000000000002
83.0000000000004
83.2000000000005
83.4000000000004
83.6000000000005
83.8000000000003
84.0000000000005
84.2000000000004
84.4000000000004
84.6000000000006
84.8000000000004
85.0000000000006
85.2000000000004
85.4000000000005
85.6000000000003
85.8000000000005
86.0000000000007
86.2000000000006
86.4000000000005
86.6000000000004
86.8000000000007
87.0000000000005
87.2000000000005
87.4000000000004
87.6000000000005
87.8000000000007
88.0000000000006
88.2000000000005
88.4000000000004
88.6000000000007
88.8000000000005
89.0000000000005
89.2000000000004
89.4000000000006
89.6000000000008
89.8000000000006
90.0000000000005
90.2000000000004
90.4000000000007
90.6000000000006
90.8000000000005
91.0000000000003
91.2000000000005
91.4000000000007
91.6000000000007
91.8000000000006
92.0000000000005
92.2000000000007
92.4000000000006
92.6000000000008
92.8000000000007
93.0000000000005
93.2000000000008
93.4000000000007
93.6000000000006
93.8000000000005
94.0000000000007
94.2000000000006
94.4000000000008
94.6000000000007
94.8000000000006
95.0000000000009
95.2000000000007
95.4000000000006
95.6000000000005
95.8000000000007
96.0000000000009
96.2000000000008
96.4000000000007
96.6000000000006
96.8000000000009
97.0000000000008
97.2000000000006
97.4000000000005
97.6000000000008
97.8000000000009
98.0000000000008
98.2000000000007
98.4000000000006
98.6000000000009
98.8000000000008
99.0000000000006
99.2000000000005
99.4000000000008
99.6000000000010
99.8000000000009
99.9000000000006
99.9500000000009
99.9750000000006
99.9875000000005
99.9937500000010
99.9968750000009
99.9984375000006
99.9992187500009
99.9996093750006
99.9998046875005
99.9999023437510
99.9999511718759
99.9999755859381
99.9999877929696
99.9999938964850
99.9999969482427
99.9999984741221
99.9999992370614
99.9999996185309
99.9999998092660
99.9999999046332
99.9999999523168
99.9999999761591
99.9999999880799
99.9999999940401
99.9999999970206
99.9999999985105
99.9999999992555
99.9999999996284
99.9999999998146
99.9999999999075
99.9999999999543
99.9999999999773
99.9999999999889
99.9999999999951
99.9999999999980
99.9999999999992
100.000000000000
100.000000000000
100.000000000000
100.000000000001
100.000000000001
100.000000000001
100.000000000001
100.000000000001
100.000000000001
100.000000000001
100.000000000001
100.000000000001
100.000000000001
100.000000000001
100.000000000001
100.000000000001
100.000000000001
100.000000000001
100.000000000001
100.000000000001
100.000000000001
100.000000000001
100.000000000001
100.000000000001
100.000000000001
100.000000000001
100.000000000001
100.000000000001
100.000000000001
100.000000000001
100.000000000001
100.000000000001
100.000000000001
100.000000000001
100.000000000001
100.000000000001
100.000000000001
100.000000000001
100.000000000001
100.000000000001
100.000000000001
100.000000000001
100.000000000001
100.000000000001
100.000000000001
100.000000000001
100.000000000001
100.000000000001
100.000000000001
100.000000000001
100.000000000001
100.000000000001
100.000000000001
100.000000000001
100.000000000001
100.000000000001
100.000000000001
100.000000000001
100.000000000001
100.000000000001
100.000000000001
100.000000000001
100.000000000001
100.000000000001
100.000000000001
100.000000000001
100.000000000001
100.000000000001
100.000000000001
100.000000000001
100.000000000001
100.000000000001
100.000000000001
100.000000000001
100.000000000001
100.000000000001
100.000000000001
100.000000000001
100.000000000001
100.000000000001
100.000000000001
100.000000000001
100.000000000001
100.000000000001
100.000000000001
100.000000000001
100.000000000001
100.000000000001
100.000000000001
100.000000000001
100.000000000001
100.000000000001
100.000000000001
100.000000000001
100.000000000001
100.000000000001
100.000000000001
100.000000000001
100.000000000001
100.000000000001
100.000000000001
100.000000000001
100.000000000001
100.000000000001
100.000000000001
100.000000000001
100.000000000001
100.000000000001
100.000000000001
100.000000000001
100.000000000001
100.000000000001
100.000000000001
100.000000000001
100.000000000001
100.000000000001
100.000000000001
100.000000000001
100.000000000001
100.000000000001
100.000000000001
100.000000000001
100.000000000001
100.000000000001
100.000000000001
100.000000000001
100.000000000001
100.000000000001
100.000000000001
100.000000000001
100.000000000001
100.000000000001
100.000000000001
100.000000000001
100.000000000001
100.000000000001
100.000000000001
100.000000000001
100.000000000001
100.000000000001
100.000000000001
100.000000000001
100.000000000001
100.000000000001
100.000000000001
100.000000000001
100.000000000001
100.000000000001
100.000000000001
100.000000000001
100.000000000001
100.000000000001
100.000000000001
100.000000000001
100.000000000001
100.000000000001
100.000000000001
100.000000000001
100.000000000001
100.000000000001
100.000000000001
100.000000000001
100.000000000001
100.000000000001
100.000000000001
100.000000000001
100.000000000001
100.000000000001
100.000000000001
100.000000000001
100.000000000001
100.000000000001
100.000000000001
100.000000000001
100.000000000001
100.000000000001
100.000000000001
100.000000000001
100.000000000001
100.000000000001
100.000000000001
100.000000000001
100.000000000001
100.000000000001
100.000000000001
100.000000000001
100.000000000001
100.000000000001
100.000000000001
100.000000000001
100.000000000001
100.000000000001
100.000000000001
100.000000000001
100.000000000001
100.000000000001
100.000000000001
100.000000000001
100.000000000001
100.000000000001
100.000000000001
100.000000000001
100.000000000001
100.000000000001
100.000000000001
100.000000000001
100.000000000001
100.000000000001
100.000000000001
100.000000000001
100.000000000001
100.000000000001
100.000000000001
100.000000000001
100.000000000001
100.000000000001
100.000000000001
100.000000000001
100.000000000001
100.000000000001
100.000000000001
100.000000000001
100.000000000001
100.000000000001
100.000000000001
100.000000000001
100.000000000001
100.000000000001
100.000000000001
100.000000000001
100.000000000001
100.000000000001
100.000000000001
100.000000000001
100.000000000001
100.000000000001
100.000000000001
100.000000000001
100.000000000001
100.000000000001
100.000000000001
100.000000000001
100.000000000001
100.000000000001
100.000000000001
100.000000000001
100.000000000001
100.000000000001
100.000000000001
100.000000000001
100.000000000001
100.000000000001
100.000000000001
100.000000000001
100.000000000001
100.000000000001
100.000000000001
100.000000000001
100.000000000001
100.000000000001
100.000000000001
100.000000000001
100.000000000001
100.000000000001
100.000000000001
100.000000000001
100.000000000001
100.000000000001
100.000000000001
100.000000000001
100.000000000001
100.000000000001
100.000000000001
100.000000000001
100.000000000001
100.000000000001
100.000000000001
100.000000000001
100.000000000001
100.000000000001
100.000000000001
100.000000000001
100.000000000001
100.000000000001
100.000000000001
100.000000000001
100.000000000001
100.000000000001
100.000000000001
100.000000000001
100.000000000001
100.000000000001
100.000000000001
100.000000000001
100.000000000001
100.000000000001
100.000000000001
100.000000000001
100.000000000001
100.000000000001
100.000000000001
100.000000000001
100.000000000001
100.000000000001
100.000000000001
100.000000000001
100.000000000001
100.000000000001
100.000000000001
100.000000000001
100.000000000001
100.000000000001
100.000000000001
100.000000000001
100.000000000001
100.000000000001
100.000000000001
100.000000000001
100.000000000001
100.000000000001
100.000000000001
100.000000000001
100.000000000001
100.000000000001
100.000000000001
100.000000000001
100.000000000001
100.000000000001
100.000000000001
100.000000000001
100.000000000001
100.000000000001
100.000000000001
100.000000000001
100.000000000001
100.000000000001
100.000000000001
100.000000000001
100.000000000001
100.000000000001
100.000000000001
100.000000000001
100.000000000001
100.000000000001
100.000000000001
100.000000000001
100.000000000001
100.000000000001
100.000000000001
100.000000000001
100.000000000001
100.000000000001
100.000000000001
100.000000000001
100.000000000001
100.000000000001
100.000000000001
100.000000000001
100.000000000001
100.000000000001
100.000000000001
100.000000000001
100.000000000001
100.000000000001
100.000000000001
100.000000000001
100.000000000001
100.000000000001
100.000000000001
100.000000000001
100.000000000001
100.000000000001
100.000000000001
100.000000000001
100.000000000001
100.000000000001
100.000000000001
100.000000000001
100.000000000001
100.000000000001
100.000000000001
100.000000000001
100.000000000001
100.000000000001
100.000000000001
100.000000000001
100.000000000001
100.000000000001
100.000000000001
100.000000000001
100.000000000001
100.000000000001
100.000000000001
100.000000000001
100.000000000001
100.000000000001
100.000000000001
100.000000000001
100.000000000001
100.000000000001
100.000000000001
100.000000000001
100.000000000001
100.000000000001
100.000000000001
100.000000000001
100.000000000001
100.000000000001
100.000000000001
100.000000000001
100.000000000001
100.000000000001
100.000000000001
100.000000000001
100.000000000001
100.000000000001
100.000000000001
100.000000000001
100.000000000001
100.000000000001
100.000000000001
100.000000000001
100.000000000001
100.000000000001
100.000000000001
100.000000000001
100.000000000001
100.000000000001
100.000000000001
100.000000000001
100.000000000001
100.000000000001
100.000000000001
100.000000000001
100.000000000001
100.000000000001
100.000000000001
100.000000000001
100.000000000001
100.000000000001
100.000000000001
100.000000000001
100.000000000001
100.000000000001
100.000000000001
100.000000000001
100.000000000001
100.000000000001
100.000000000001
100.000000000001
100.000000000001
100.000000000001
100.000000000001
100.000000000001
100.000000000001
100.000000000001
100.000000000001
100.000000000001
100.000000000001
100.000000000001
100.000000000001
100.000000000001
100.000000000001
100.000000000001
100.000000000001
100.000000000001
100.000000000001
100.000000000001
100.000000000001
100.000000000001
100.000000000001
100.000000000001
100.000000000001
100.000000000001
100.000000000001
100.000000000001
100.000000000001
100.000000000001
100.000000000001
100.000000000001
100.000000000001
100.000000000001
100.000000000001
100.000000000001
100.000000000001
100.000000000001
100.000000000001
100.000000000001
100.000000000001
100.000000000001
100.000000000001
100.000000000001
100.000000000001
100.000000000001
100.000000000001
100.000000000001
100.000000000001
100.000000000001
100.000000000001
100.000000000001
100.000000000001
100.000000000001
100.000000000001
100.000000000001
100.000000000001
100.000000000001
100.000000000001
100.000000000001
100.000000000001
100.000000000001
100.000000000001
100.000000000001
100.000000000001
100.000000000001
100.000000000001
100.000000000001
100.000000000001
100.000000000001
100.000000000001
100.000000000001
100.000000000001
100.000000000001
100.000000000001
100.000000000001
100.000000000001
100.000000000001
100.000000000001
100.000000000001
100.000000000001
100.000000000001
100.000000000001
100.000000000001
100.000000000001
100.000000000001
100.000000000001
100.000000000001
100.000000000001
100.000000000001
100.000000000001
100.000000000001
100.000000000001
100.000000000001
100.000000000001
100.000000000001
100.000000000001
100.000000000001
100.000000000001
100.000000000001
100.000000000001
100.000000000001
100.000000000001
100.000000000001
100.000000000001
100.000000000001
100.000000000001
100.000000000001
100.000000000001
100.000000000001
100.000000000001
100.000000000001
100.000000000001
100.000000000001
100.000000000001
100.000000000001
100.000000000001
100.000000000001
100.000000000001
100.000000000001
100.000000000001
100.000000000001
100.000000000001
100.000000000001
100.000000000001
100.000000000001
100.000000000001
100.000000000001
100.000000000001
100.000000000001
100.000000000001
100.000000000001
100.000000000001
100.000000000001
100.000000000001
100.000000000001
100.000000000001
100.000000000001
100.000000000001
100.000000000001
100.000000000001
100.000000000001
100.000000000001
100.000000000001
100.000000000001
100.000000000001
100.000000000001
100.000000000001
100.000000000001
100.000000000001
100.000000000001
100.000000000001
100.000000000001
100.000000000001
100.000000000001
100.000000000001
100.000000000001
100.000000000001
100.000000000001
100.000000000001
100.000000000001
100.000000000001
100.000000000001
100.000000000001
100.000000000001
100.000000000001
100.000000000001
100.000000000001
100.000000000001
100.000000000001
100.000000000001
100.000000000001
100.000000000001
100.000000000001
100.000000000001
100.000000000001
100.000000000001
100.000000000001
100.000000000001
100.000000000001
100.000000000001
100.000000000001
100.000000000001
100.000000000001
100.000000000001
100.000000000001
100.000000000001
100.000000000001
100.000000000001
100.000000000001
100.000000000001
100.000000000001
100.000000000001
100.000000000001
100.000000000001
100.000000000001
100.000000000001
100.000000000001
100.000000000001
100.000000000001
100.000000000001
100.000000000001
100.000000000001
100.000000000001
100.000000000001
100.000000000001
100.000000000001
100.000000000001
100.000000000001
100.000000000001
100.000000000001
100.000000000001
100.000000000001
100.000000000001
100.000000000001
100.000000000001
100.000000000001
100.000000000001
100.000000000001
100.000000000001
100.000000000001
100.000000000001
100.000000000001
100.000000000001
100.000000000001
100.000000000001
100.000000000001
100.000000000001
100.000000000001
100.000000000001
100.000000000001
100.000000000001
100.000000000001
100.000000000001
100.000000000001
100.000000000001
100.000000000001
100.000000000001
100.000000000001
100.000000000001
100.000000000001
100.000000000001
100.000000000001
100.000000000001
100.000000000001
100.000000000001
100.000000000001
100.000000000001
100.000000000001
100.000000000001
100.000000000001
100.000000000001
100.000000000001
100.000000000001
100.000000000001
100.000000000001
100.000000000001
100.000000000001
100.000000000001
100.000000000001
100.000000000001
100.000000000001
100.000000000001
100.000000000001
100.000000000001
100.000000000001
100.000000000001
100.000000000001
100.000000000001
100.000000000001
100.000000000001
100.000000000001
100.000000000001
100.000000000001
100.000000000001
100.000000000001
100.000000000001
100.000000000001
100.000000000001
100.000000000001
100.000000000001
100.000000000001
100.000000000001
100.000000000001
100.000000000001
100.000000000001
100.000000000001
100.000000000001
100.000000000001
100.000000000001
100.000000000001
100.000000000001
100.000000000001
100.000000000001
100.000000000001
100.000000000001
100.000000000001
100.000000000001
100.000000000001
100.000000000001
100.000000000001
100.000000000001
100.000000000001
100.000000000001
100.000000000001
100.000000000001
100.000000000001
100.000000000001
100.000000000001
100.000000000001
100.000000000001
100.000000000001
100.000000000001
100.000000000001
100.000000000001
100.000000000001
100.000000000001
100.000000000001
100.000000000001
100.000000000001
100.000000000001
100.000000000001
100.000000000001
100.000000000001
100.000000000001
100.000000000001
100.000000000001
100.000000000001
100.000000000001
100.000000000001
100.000000000001
100.000000000001
100.000000000001
100.000000000001
100.000000000001
100.000000000001
100.000000000001
100.000000000001
100.000000000001
100.000000000001
100.000000000001
100.000000000001
100.000000000001
100.000000000001
100.000000000001
100.000000000001
100.000000000001
100.000000000001
100.000000000001
100.000000000001
100.000000000001
100.000000000001
100.000000000001
100.000000000001
100.000000000001
100.000000000001
100.000000000001
100.000000000001
100.000000000001
100.000000000001
100.000000000001
100.000000000001
100.000000000001
100.000000000001
100.000000000001
100.000000000001
100.000000000001
100.000000000001
100.000000000001
100.000000000001
100.000000000001
100.000000000001
100.000000000001
100.000000000001
100.000000000001
100.000000000001
100.000000000001
100.000000000001
100.000000000001
100.000000000001
100.000000000001
100.000000000001
100.000000000001
100.000000000001
100.000000000001
100.000000000001
100.000000000001
100.000000000001
100.000000000001
100.000000000001
100.000000000001
100.000000000001
100.000000000001
100.000000000001
100.000000000001
100.000000000001
100.000000000001
100.000000000001
100.000000000001
100.000000000001
100.000000000001
100.000000000001
100.000000000001
100.000000000001
100.000000000001
100.000000000001
100.000000000001
100.000000000001
100.000000000001
100.000000000001
100.000000000001
100.000000000001
100.000000000001
100.000000000001
100.000000000001
100.000000000001
100.000000000001
100.000000000001
100.000000000001
100.000000000001
100.000000000001
100.000000000001
100.000000000001
100.000000000001
100.000000000001
100.000000000001
100.000000000001
100.000000000001
100.000000000001
100.000000000001
100.000000000001
100.000000000001
100.000000000001
100.000000000001
100.000000000001
100.000000000001
100.000000000001
100.000000000001
100.000000000001
100.000000000001
100.000000000001
100.000000000001
100.000000000001
100.000000000001
100.000000000001
100.000000000001
100.000000000001
100.000000000001
100.000000000001
100.000000000001
100.000000000001
100.000000000001
100.000000000001
100.000000000001
100.000000000001
100.000000000001
100.000000000001
100.000000000001
100.000000000001
100.000000000001
100.000000000001
100.000000000001
100.000000000001
100.000000000001
100.000000000001
100.000000000001
100.000000000001
100.000000000001
100.000000000001
100.000000000001
100.000000000001
100.000000000001
100.000000000001
100.000000000001
100.000000000001
100.000000000001
100.000000000001
100.000000000001
100.000000000001
100.000000000001
100.000000000001
100.000000000001
100.000000000001
100.000000000001
100.000000000001
100.000000000001
100.000000000001
100.000000000001
100.000000000001
100.000000000001
100.000000000001
100.000000000001
100.000000000001
100.000000000001
100.000000000001
100.000000000001
100.000000000001
100.000000000001
100.000000000001
100.000000000001
100.000000000001
100.000000000001
100.000000000001
100.000000000001
100.000000000001
100.000000000001
100.000000000001
100.000000000001
100.000000000001
100.000000000001
100.000000000001
100.000000000001
100.000000000001
100.000000000001
100.000000000001
99.9000000000006
99.7500000000006
99.5750000000009
99.3875000000009
99.1937500000008
98.9968750000008
98.7984375000009
98.5992187500006
98.3996093750009
98.1998046875005
97.9999023437508
97.7999511718757
97.5999755859381
97.3999877929697
97.1999938964849
96.9999969482430
96.7999984741214
96.5999992370609
96.3999996185309
96.1999998092657
95.9999999046334
95.7999999523170
95.5999999761588
95.3999999880797
95.1999999940401
94.9999999970204
94.7999999985106
94.5999999992554
94.3999999996282
94.1999999998144
93.9999999999074
93.7999999999540
93.5999999999771
93.3999999999888
93.1999999999945
92.9999999999974
92.7999999999991
92.5999999999998
92.4000000000001
92.2000000000006
92.0000000000004
91.8000000000005
91.6000000000006
91.4000000000007
91.2000000000005
91.0000000000003
90.8000000000005
90.6000000000005
90.4000000000007
90.2000000000004
90.0000000000005
89.8000000000003
89.6000000000007
89.4000000000005
89.2000000000003
89.0000000000005
88.8000000000005
88.6000000000006
88.4000000000004
88.2000000000005
88.0000000000003
87.8000000000004
87.6000000000005
87.4000000000003
87.2000000000005
87.0000000000004
86.8000000000006
86.6000000000004
86.4000000000002
86.2000000000003
86.0000000000004
85.8000000000005
85.6000000000002
85.4000000000004
85.2000000000004
85.0000000000006
84.8000000000004
84.6000000000002
84.4000000000003
84.2000000000004
84.0000000000005
83.8000000000002
83.6000000000004
83.4000000000004
83.2000000000005
83.0000000000004
82.8000000000002
82.6000000000004
82.4000000000004
82.2000000000005
82.0000000000002
81.8000000000004
81.6000000000004
81.4000000000005
81.2000000000004
81.0000000000002
80.8000000000004
80.6000000000003
80.4000000000005
80.2000000000002
80.0000000000004
79.8000000000004
79.6000000000005
79.4000000000004
79.2000000000002
79.0000000000004
78.8000000000003
78.6000000000005
78.4000000000002
78.2000000000004
78.0000000000004
77.8000000000005
77.6000000000004
77.4000000000002
77.2000000000004
77.0000000000002
76.8000000000005
76.6000000000002
76.4000000000004
76.2000000000003
76.0000000000005
75.8000000000004
75.6000000000002
75.4000000000004
75.2000000000002
75.0000000000004
74.8000000000002
74.6000000000004
74.4000000000003
74.2000000000001
74.0000000000004
73.8000000000002
73.6000000000004
73.4000000000001
73.2000000000004
73.0000000000002
72.8000000000000
72.6000000000003
72.4000000000001
72.2000000000003
72.0000000000001
71.8000000000003
71.6000000000001
71.4000000000004
71.2000000000002
71.0000000000000
70.8000000000003
70.6000000000001
70.4000000000003
70.2000000000001
70.0000000000003
69.8000000000001
69.6000000000003
69.2775629682950
68.9777503465525
68.7861191191712
68.5857732086983
68.3861134026329
68.1864022250236
67.9866963242471
67.7869914552426
67.5872879403363
67.3875857670439
67.1878849469808
66.9881854901886
66.7884874069299
66.5887907075669
66.3890954025716
66.1894015025264
65.9897090181254
65.7900179601770
65.5903283396043
65.3906401674473
65.1909534548635
64.9912682131318
64.7915844536512
64.5919021879448
64.3922214276605
64.1925421845730
63.9928644705850
63.7931882977299
63.5935136781734
63.3938406242146
63.1941691482892
62.9944992629698
62.7948309809692
62.5951643151423
62.3954992784872
62.1958358841481
61.9961741454173
61.7965140757366
61.5968556887011
61.3971989980592
61.1975440177168
60.9978907617381
60.7982392443501
60.5985894799417
60.3989414830690
60.1992952684568
59.9996508510003
59.8000082457692
59.6003674680091
59.4007285331440
59.2010914567806
59.0014562547092
58.8018229429070
58.6021915375423
58.4025620549753
58.2029345117625
58.0033089246592
57.8036853106227
57.6040636868152
57.4044440706073
57.2048264795808
57.0052109315329
56.8055974444788
56.6059860366543
56.4063767265220
56.2067695327718
56.0071644743262
55.8075615703446
55.6079608402252
55.4083623036100
55.2087659803886
55.0091718907029
54.8095800549494
54.6099904937850
54.4104032281307
54.2108182791760
54.0112356683828
53.8116554174907
53.6120775485211
53.4125020837824
53.2129290458740
53.0133584576916
52.8137903424330
52.6142247236012
52.4146616250119
52.2151010707969
52.0155430854109
51.8159876936361
51.6164349205885
51.4168847917227
51.2173373328396
51.0177925700901
50.8182505299830
50.6187112393902
50.4191747255544
50.2196410160939
50.0201101390105
49.8205821226959
49.6210569959393
49.4215347879332
49.2220155282820
49.0224992470086
48.8229859745627
48.6234757418280
48.4239685801303
48.2244645212456
48.0249635974089
47.8254658413221
47.6259712861622
47.4264799655919
47.2269919137673
47.0275071653472
46.8280257555033
46.6285477199294
46.4290730948519
46.2296019170392
46.0301342238130
45.8306700530579
45.6312094432339
45.4317524333855
45.2322990631554
45.0328493727945
44.8334034031745
44.6339611958005
44.4345227928231
44.2350882370516
44.0356575719671
43.8362308417360
43.6368080912239
43.4373893660099
43.2379747124010
43.0385641774472
42.8391578089566
42.6397556555112
42.4403577664832
42.2409641920510
42.0415749832165
41.8421901918224
41.6428098705696
41.4434340730363
41.2440628536956
41.0446962679357
40.8453343720792
40.6459772234030
40.4466248801600
40.2472774015991
40.0479348479885
39.8485972806374
39.6492647619189
39.4499373552941
39.2506151253367
39.0512981377573
38.8519864594299
38.6526801584174
38.4533793039998
38.2540839667012
38.0547942183193
37.8555101319540
37.6562317820387
37.4569592443708
37.2576925961440
37.0584319159813
36.8591772839691
36.6599287816922
36.4606864922691
36.2614505003904
36.0622208923555
35.8629977561123
35.6637811812985
35.4645712592816
35.2653680832033
35.0661717480227
34.8669823505627
34.6677999895557
34.4686247656932
34.2694567816752
34.0702961422609
33.8711429543232
33.6719973269019
33.4728593712610
33.2737292009470
33.0746069318483
32.8754926822572
32.6763865729352
32.4772887271771
32.2781992708810
32.0791183326178
31.8800460437047
31.6809825382791
31.4819279533783
31.2828824290187
31.0838461082786
30.8848191373851
30.6858016658026
30.4867938463243
30.2877958351682
30.0888077920744
29.8898298804087
29.6908622672662
29.4919051235820
29.2929586242435
29.0940229482085
28.8950982786260
28.6961848029622
28.4972827131315
28.2983922056312
28.0995134816828
27.9006467473768
27.7017922138242
27.5029500973134
27.3041206194732
27.1053040074414
26.9065004940411
26.7077103179626
26.5089337239534
26.3101709630153
26.1114222926090
25.9126879768681
25.7139682868199
25.5152635006163
25.3165739037747
25.1178997894275
24.9192414585821
24.7205992203933
24.5219733924450
24.3233643010453
24.1247722815340
23.9261976786026
23.7276408466285
23.5291021500248
23.3305819636038
23.1320806729576
22.9335986748555
22.7351363776599
22.5366942017591
22.3382725800225
22.1398719582748
21.9414927957933
21.7431355658277
21.5448007561451
21.3464888696006
21.1482004247351
20.9499359564027
20.7516960164274
20.5534811742941
20.3552920178714
20.1571291541725
19.9589932101543
19.7608848335554
19.5628046937797
19.3647534828237
19.1667319162533
18.9687407342317
18.7707807026023
18.5728526140290
18.3749572891999
18.1770955780943
17.9792683613223
17.7814765515371
17.5837210949278
17.3860029727961
17.1883232032245
16.9906828428403
16.7930829886829
16.5955247801812
16.3980094012496
16.2005380825095
16.0031121036466
15.8057327959129
15.6084015447840
15.4111197927839
15.2138890424883
15.0167108597213
14.8195868769585
14.6225187969540
14.4255083966075
14.2285575310904
14.0316681382516
13.8348422433252
13.6380819639652
13.4413895156324
13.2447672173640
13.0482174979580
12.8517429026059
12.6553461000144
12.4590298900564
12.2627972119990
12.0666511533597
11.8705949594466
11.6746320436454
11.4787659985224
11.2830006078189
11.0873398594221
10.8917879594054
10.6963493472430
10.5010287123136
10.3058310118216
10.1107614902809
9.91582570071855
9.72102952778128
9.52637921294126
9.33188138202925
9.13754307534603
8.94337178063658
8.74937546924780
8.55556263583018
8.36194234199305
8.16852426437524
7.97531874765744
7.78233686311152
7.58959047336859
7.39709230417972
7.20485602405767
7.01289633281513
6.82122906016660
6.62987127573651
6.43884141202164
6.24815940209788
6.05784683414410
5.86792712519150
5.67842571690112
5.48937029664221
5.30079104769957
5.11272093310344
4.92519601836801
4.73825583937667
4.55194382279548
4.36630776777703
4.18140039938590
3.99728000620345
3.81401117703856
3.63166565468512
3.45032332836382
3.27007339103123
3.09101569334727
2.91326233303432
2.73693952698037
2.56218982417092
2.38917473093367
2.21807783674555
2.04910854986182
1.88250657837725
1.71854732535317
1.55754840792832
1.39987756164472
1.24596225432593
1.09630140997912
0.973103964104911
0.870345237112794
0.783646597901582
0.709758393688877
0.646224362622464
0.591157784877118
0.543088539524410
0.500856365073250
0.463534942919400
0.430376978751885
0.400773860756912
0.374225610801112
0.350318216984278
0.328706334818312
0.309099943968759
0.291253954324697
0.274960035436657
0.260040139204446
0.246341324347601
0.233731590552933
0.222096502209733
0.211336434393372
0.201364312779585
0.192103748305960
0.183487489339103
0.175456130767042
0.167957032185335
0.160943407172206
0.154373553274900
0.148210198287539
0.142419943084344
0.136972784975344
0.131841708496378
0.127002332899230
0.122432607499156
0.118112547564225
0.114024004669688
0.110150466449920
0.106476881506440
0.102989505909037
0.0996757682868449
0.0965241509695614
0.0935240850241578
0.0906658573535065
0.0879405282920288
0.0853398583589742
0.0828562430197890
0.0804826544664096
0.0782125895631016
0.0760400232198309
0.0739593665533620
0.0719654292801914
0.0700533858572042
0.0682187449475661
0.0664573218423759
0.0647652135142791
0.0631387760187560
0.0615746039929730
0.0600695120317619
0.0586205177461039
0.0572248263319605
0.0558798164969314
0.0545830276093808
0.0533321479497133
0.0521250039566668
0.0509595503731293
0.0498338612061679
0.0487461214250174
0.0476946193287117
0.0466777395221079
0.0456939564453094
0.0447418284070221
0.0438199920773328
0.0429271573997704
0.0420621028864293
0.0412236712634312
0.0404107654371163
0.0396223447541551
0.0388574215312623
0.0381150578324624
0.0373943624738418
0.0366944882375693
0.0360146292785673
0.0353540187087204
0.0347119263448024
0.0340876566075266
0.0334805465602014
0.0328899640764446
0.0323153061273106
0.0317559971789989
0.0312114876930095
0.0306812527213231
0.0301647905897482
0.0296616216631559
0.0291712871868083
0.0286933481984466
0.0282273845062370
0.0277729937280319
0.0273297903877639
0.0268974050651178
