1.07666871000943e-05
4.86769039758915e-05
0.000118624314164750
0.000224923683898934
0.000372168094978527
0.000565469566453500
0.000810581083142214
0.00111397945458547
0.00148293253332489
0.00192555953132767
0.00245088800546992
0.00306890893530594
0.00379063030216126
0.00462812904573464
0.00559460096577263
0.00670440794047619
0.00797312169836227
0.00941756328119103
0.0110558372599442
0.0129073597078549
0.0149928788917633
0.0173344876151963
0.0199556261342455
0.0228810745719329
0.0261369337799720
0.0297505936405913
0.0337506878671781
0.0381670344526527
0.0430305610300996
0.0483732145523008
0.0542278548658658
0.0606281319515714
0.0676083468243223
0.0752032963321474
0.0834481023612353
0.0923780262394842
0.102028269430000
0.112433761912669
0.123628939960165
0.135647515317076
0.148522238079580
0.162284655839775
0.176964871895021
0.192591305519818
0.209190457447976
0.226786683808562
0.245401981794076
0.265055790308514
0.285764808743056
0.307542836856566
0.330400638497623
0.354345831597049
0.379382806490055
0.405512674202204
0.432733245862586
0.461039043901793
0.490421345163700
0.520868255521974
0.552364815058343
0.584893132343841
0.618432545879721
0.652959810313706
0.688449304661177
0.724873259437833
0.762201999358856
0.800404198082664
0.839447141378877
0.879296995078649
0.919919074219747
0.961278109923199
1.00333851072733
1.04606461534985
1.08942093414097
1.13337237681976
1.17788446444205
1.22292352392104
1.26845686380103
1.31445293036098
1.36088144349025
1.40771351212504
1.45492172935632
1.50248024761164
1.55036483457244
1.59855291071119
1.64702356951901
1.69575758164370
1.74473738427109
1.79394705716141
1.84337228679879
1.89300032012924
1.94281990935318
1.99282124920683
2.04299590811534
2.09333675453295
2.14383787970575
2.19449451800252
2.24530296586326
2.29626050031421
2.34736529789651
2.39861635475364
2.45001340852320
2.50155686258237
2.55324771310452
2.60508747929853
2.65707813712206
2.70922205668645
2.76152194350411
2.81398078366907
2.86660179300828
2.91938837019438
2.97234405376999
3.02547248299996
3.07877736243796
3.13226243007150
3.18593142888971
3.23978808170410
3.29383606904189
3.34807900992441
3.40252044533896
3.45716382421118
3.51201249168598
3.56706967952783
3.62233849845591
3.67782193223529
3.73352283335256
3.78944392011180
3.84558777499548
3.90195684414371
3.95855343781418
4.01537973169493
4.07243776895080
4.12972946289417
4.18725660017917
4.24502084442779
4.30302374020436
4.36126671726307
4.41975109500154
4.47847808705945
4.53744880600959
4.59666426809409
4.65612539796474
4.71583303339235
4.77578792991453
4.83599076539633
4.89644214448219
4.95714260292184
5.01809261175582
5.07929258134965
5.14074286526865
5.20244376398706
5.26439552842864
5.32659836333621
5.38905243047036
5.45175785163884
5.51471471155850
5.57792306055365
5.64138291709505
5.70509427018425
5.76905708158880
5.83327128793421
5.89773680265878
5.96245351783742
6.02742130588097
6.09264002111755
6.15810950126220
6.22382956878118
6.28980003215703
6.35602068706068
6.42249131743640
6.48921169650469
6.55618158768963
6.62340074547472
6.69086891619288
6.75858583875503
6.82655124532180
6.89476486192224
6.96322640902387
7.03193560205767
7.10089215190101
7.17009576532256
7.23954614539136
7.30924299185353
7.37918600147869
7.44937486837882
7.51980928430179
7.59048893890130
7.66141351998564
7.73258271374654
7.80399620496997
7.87565367723054
7.94755481307033
8.01969929416400
8.09208680147099
8.16471701537590
8.23758961581808
8.31070428241145
8.38406069455477
8.45765853153411
8.53149747261707
8.60557719714040
8.67989738459056
8.75445771467882
8.82925786741039
8.90429752314878
8.97957636267510
9.05509406724348
9.13085031863173
9.20684479918932
9.28307719188090
9.35954718032714
9.43625444884267
9.51319868247117
9.59037956701762
9.66779678907858
9.74545003607031
9.82333899625424
9.90146335876128
9.97982281361387
10.0584170517464
10.1372457650241
10.2163086462609
10.2956053892349
10.3751356887039
10.4548992404185
10.5348957411348
10.6151248886261
10.6955863816928
10.7762799201724
10.8572052049482
10.9383619379568
11.0197498221952
11.1013685617276
11.1832178616906
11.2652974282982
11.3476069688466
11.4301461917176
11.5129148063821
11.5959125234029
11.6791390544369
11.7625941122371
11.8462774106538
11.9301886646358
12.0143275902310
12.0986939045867
12.1832873259493
12.2681075736644
12.3531543681756
12.4384274310243
12.5239264848472
12.6096512533762
12.6956014614358
12.7817768349416
12.8681771008978
12.9548019873951
13.0416512236081
13.1287245397924
13.2160216672822
13.3035423384867
13.3912862868872
13.4792532470337
13.5674429545417
13.6558551460881
13.7444895594080
13.8333459332907
13.9224240075758
14.0117235231493
14.1012442219395
14.1909858469126
14.2809481420690
14.3711308524384
14.4615337240758
14.5521565040571
14.6429989404746
14.7340607824319
14.8253417800402
14.9168416844132
15.0085602476626
15.1004972228929
15.1926523641976
15.2850254266535
15.3776161663165
15.4704243402166
15.5634497063530
15.6566920236894
15.7501510521489
15.8438265526095
15.9377182868986
16.0318260177890
16.1261495089929
16.2206885251578
16.3154428318615
16.4104121956067
16.5055963838164
16.6009951648293
16.6966083078941
16.7924355831652
16.8884767616978
16.9847316154427
17.0811999172413
17.1778814408214
17.2747759607915
17.3718832526368
17.4692030927130
17.5667352582433
17.6644795273122
17.7624356788610
17.8606034926831
17.9589827494197
18.0575732305540
18.1563747184075
18.2553869961347
18.3546098477184
18.4540430579652
18.5536864125008
18.6535396977655
18.7536027010092
18.8538752102870
18.9543570144548
19.0550479031646
19.1559476668599
19.2570560967709
19.3583729849109
19.4598981240709
19.5616313078157
19.6635723304793
19.7657209871604
19.8680770737183
19.9706403867683
20.0734107236775
20.1763878825606
20.2795716622752
20.3829618624181
20.4865582833209
20.5903607260454
20.6943689923803
20.7985828848357
20.9030022066405
21.0076267617373
21.1124563547785
21.2174907911226
21.3227298768297
21.4281734186578
21.5338212240588
21.6396731011744
21.7457288588324
21.8519883065428
21.9584512544932
22.0651175135463
22.1719868952349
22.2790592117585
22.3863342759799
22.4938119014207
22.6014919022582
22.7093740933214
22.8174582900875
22.9257443086780
23.0342319658551
23.1429210790187
23.2518114662018
23.3609029460677
23.4701953379062
23.5796884616303
23.6893821377721
23.7992761874804
23.9093704325162
24.0196646952498
24.1301587986576
24.2408525663181
24.3517458224091
24.4628383917044
24.5741300995700
24.6856207719611
24.7973102354194
24.9091983170685
25.0212848446124
25.1335696463310
25.2460525510772
25.3587333882743
25.4716119879125
25.5846881805454
25.6979617972879
25.8114326698119
25.9251006303449
26.0389655116650
26.1530271470994
26.2672853705211
26.3817400163456
26.4963909195281
26.6112379155607
26.7262808404696
26.8415195308119
26.9569538236730
27.0725835566636
27.1884085679175
27.3044286960873
27.4206437803436
27.5370536603707
27.6536581763646
27.7704571690300
27.8874504795779
28.0046379497225
28.1220194216790
28.2395947381605
28.3573637423757
28.4753262780262
28.5934821893037
28.7118313208881
28.8303735179441
28.9491086261191
29.0680364915404
29.1871569608136
29.3064698810187
29.4259750997087
29.5456724649068
29.6655618251041
29.7856430292569
29.9059159267845
30.0263803675669
30.1470362019419
30.2678832807039
30.3889214551002
30.5101505768297
30.6315704980400
30.7531810713254
30.8749821497245
30.9969735867181
31.1191552362270
31.2415269526089
31.3640885906582
31.4868400056011
31.6097810530961
31.7329115892296
31.8562314705152
31.9797405538912
32.1034386967181
32.2273257567768
32.3514015922668
32.4756660618030
32.6001190244153
32.7247603395452
32.8495898670445
32.9746074671725
33.0998130005950
33.2252063283816
33.3507873120038
33.4765558133336
33.6025116946404
33.7286548185901
33.8549850482430
33.9815022470513
34.1082062788577
34.2350970078936
34.3621742987766
34.4894380165096
34.6168880264775
34.7445241944473
34.8723463865643
35.0003544693516
35.1285483097079
35.2569277749055
35.3854927325886
35.5142430507720
35.6431785978386
35.7722992425381
35.9016048539851
36.0310953016576
36.1607704553950
36.2906301853966
36.4206743622195
36.5509028567776
36.6813155403392
36.8119122845263
36.9426929613119
37.0736574430186
37.2048056023175
37.3361373122263
37.4676524461075
37.5993508776670
37.7312324809524
37.8632971303514
37.9955447005905
38.1279750667333
38.2605881041787
38.3933836886594
38.5263616962410
38.6595220033197
38.7928644866210
38.9263890231988
39.0600954904329
39.1939837660279
39.3280537280129
39.4623052547376
39.5967382248730
39.7313525174092
39.8661480116537
40.0011245872306
40.1362821240782
40.2716205024490
40.4071396029067
40.5428393063262
40.6787194938913
40.8147800470936
40.9510208477315
41.0874417779083
41.2240427200311
41.3608235568094
41.4977841712541
41.6349244466751
41.7722442666817
41.9097435151798
42.0474220763713
42.1852798347523
42.3233166751130
42.4615324825347
42.5999271423897
42.7385005403403
42.8772525623359
43.0161830946140
43.1552920236971
43.2945792363924
43.4340446197905
43.5736880612635
43.7135094484651
43.8535086693280
43.9936856120637
44.1340401651609
44.2745722173840
44.4152816577727
44.5561683756402
44.6972322605726
44.8384732024270
44.9798910913307
45.1214858176806
45.2632572721410
45.4052053456435
45.5473299293855
45.6896309148285
45.8321081936979
45.9747616579815
46.1175911999284
46.2605967120476
46.4037780871077
46.5471352181355
46.6906679984142
46.8343763214833
46.9782600811371
47.1223191714239
47.2665534866447
47.4109629213520
47.5555473703493
47.7003067286899
47.8452408916754
47.9903497548553
48.1356332140259
48.2810911652287
48.4267235047500
48.5725301291200
48.7185109351115
48.8646658197387
49.0109946802568
49.1574974141606
49.3041739191836
49.4510240932974
49.5980478347102
49.7452450418661
49.8926156134445
50.0401594483583
50.1878764457543
50.3357665050104
50.4838295257365
50.6320654077730
50.7804740511889
50.9290553562825
51.0778092235796
51.2267355538318
51.3758342480181
51.5251052073411
51.6745483332282
51.8241635273294
51.9739506915175
52.1239097278868
52.2740405387517
52.4243430266468
52.5748170943250
52.7254626447578
52.8762795811336
53.0272678068572
53.1784272255486
53.3297577410430
53.4812592573891
53.6329316788486
53.7847749098955
53.9367888552152
54.0889734197039
54.2413285084669
54.3938540268191
54.5465498802834
54.6994159745905
54.8524522156763
55.0056585096844
55.0634260008486
55.0976066114708
55.1176190442509
55.1293671846131
55.1362736002222
55.1403388989115
55.1427339877126
55.1441460052544
55.1449788618312
55.1454702873798
55.1457603307953
55.1459315518884
55.1460326444629
55.1460923388092
55.1461275910926
55.1461484106967
55.1461607072111
55.1461679701213
55.1461722600930
55.1461747941132
55.1461762909527
55.1461771751476
55.1461776974557
55.1461780059949
55.1461781882578
55.1461782959261
55.1461783595300
55.1461783971032
55.1461784192991
55.1461784324111
55.1461784401570
55.1461784447329
55.1461784474363
55.1461784490331
55.1461784499763
55.1461784505337
55.1461784508628
55.1461784510575
55.1461784511723
55.1461784512401
55.1461784512802
55.1461784513040
55.1461784513179
55.1461784513261
55.1461784513310
55.1461784513340
55.1461784513358
55.1461784513367
55.1461784513373
55.1461784513376
55.1461784513378
55.1461784513381
55.1461784513381
55.1461784513381
55.1461784513381
55.1461784513381
55.1461784513381
55.1461784513381
55.1461784513381
55.1461784513381
55.1461784513381
55.1461784513381
55.1461784513381
55.1461784513381
55.1461784513381
55.1461784513381
55.1461784513381
55.1461784513381
55.1461784513381
55.1461784513381
55.1461784513381
55.1461784513381
55.1461784513381
55.1461784513381
55.1461784513381
55.1461784513381
55.1461784513381
55.1461784513381
55.1461784513381
55.1461784513381
55.1461784513381
55.1461784513381
55.1461784513381
55.1461784513381
55.1461784513381
55.1461784513381
55.1461784513381
55.1461784513381
55.1461784513381
55.1461784513381
55.1461784513381
55.1461784513381
55.1461784513381
55.1461784513381
55.1461784513381
55.1461784513381
55.1461784513381
55.1461784513381
55.1461784513381
55.1461784513381
55.1461784513381
55.1461784513381
55.1461784513381
55.1461784513381
55.1461784513381
55.1461784513381
55.1461784513381
55.1461784513381
55.1461784513381
55.1461784513381
55.1461784513381
55.1461784513381
55.1461784513381
55.1461784513381
55.1461784513381
55.1461784513381
55.1461784513381
55.1461784513381
55.1461784513381
55.1461784513381
55.1461784513381
55.1461784513381
55.1461784513381
55.1461784513381
55.1461784513381
55.1461784513381
55.1461784513381
55.1461784513381
55.1461784513381
55.1461784513381
55.1461784513381
55.1461784513381
55.1461784513381
55.1461784513381
55.1461784513381
55.1461784513381
55.1461784513381
55.1461784513381
55.1461784513381
55.1461784513381
55.1461784513381
55.1461784513381
55.1461784513381
55.1461784513381
55.1461784513381
55.1461784513381
55.1461784513381
55.1461784513381
55.1461784513381
55.1461784513381
55.1461784513381
55.1461784513381
55.1461784513381
55.1461784513381
55.1461784513381
55.1461784513381
55.1461784513381
55.1461784513381
55.1461784513381
55.1461784513381
55.1461784513381
55.1461784513381
55.1461784513381
55.1461784513381
55.1461784513381
55.1461784513381
55.1461784513381
55.1461784513381
55.1461784513378
55.1461784513377
55.1461784513375
55.1461784513370
55.1461784513365
55.1461784513351
55.1461784513334
55.1461784513307
55.1461784513261
55.1461784513195
55.1461784513089
55.1461784512926
55.1461784512680
55.1461784512309
55.1461784511746
55.1461784510903
55.1461784509643
55.1461784507768
55.1461784504993
55.1461784500906
55.1461784494914
55.1461784486169
55.1461784473471
55.1461784455109
55.1461784428688
55.1461784390839
55.1461784336872
55.1461784260271
55.1461784152029
55.1461783999771
55.1461783786556
55.1461783489302
55.1461783076724
55.1461782506603
55.1461781722226
55.1461780647787
55.1461779182395
55.1461777192422
55.1461774501673
55.1461770878898
55.1461766021979
55.1461759538005
55.1461750918309
55.1461739507341
55.1461724464070
55.1461704714377
55.1461678892606
55.1461645270230
55.1461601669219
55.1461545357400
55.1461472922766
55.1461380123276
55.1461261708388
55.1461111208149
55.1460920685381
55.1460680446118
55.1460378703225
55.1460001187935
55.1459530703925
55.1458946618492
55.1458224285665
55.1457334396263
55.1456242250488
55.1454906949345
55.1453280502131
55.1451306848468
55.1448920794854
55.1446046867512
55.1442598085354
55.1438474659272
55.1433562626537
55.1427732431941
55.1420837470275
55.1412712607894
55.1403172704159
55.1392011156721
55.1378998497398
55.1363881068059
55.1346379808120
55.1326189186955
55.1302976315401
55.1276380271010
55.1246011670847
55.1211452524189
55.1172256394874
55.1127948899417
55.1078028562402
55.1021968045140
55.0959215757028
55.0889197852001
55.0811320604682
55.0724973152764
55.0629530584063
55.0524357338515
55.0408810887891
55.0282245648912
55.0144017079442
54.9993485902373
54.9830022398222
54.9653010705073
54.9461853063848
54.9255973947482
54.9034824014989
54.8797883834868
54.8544667327428
54.8274724881416
54.7987646107417
54.7683062197986
54.7360647872408
54.7020122892251
54.6661253141825
54.6283851275480
54.5887776941007
54.5472936594951
54.5039282931615
54.4586813952356
54.4115571706001
54.3625640734139
54.3117146257296
54.2590252139162
54.2045158666543
54.1482100182197
54.0901342606768
54.0303180884421
53.9687936384593
53.9055954289942
53.8407600997756
53.7743261559288
53.7063337178384
53.6368242787907
53.5658404719397
53.4934258478700
53.4196246637456
53.3444816848007
53.2680419986809
53.1903508429495
53.1114534458775
53.0313948804792
52.9502199316138
52.8679729758512
52.7846978737039
52.7004378737477
52.6152355280925
52.5291326186116
52.4421700933127
52.3543880122112
52.2658255020545
52.1765207192457
52.0865108203307
51.9958319394118
51.9045191718847
51.8126065639094
51.7201271070562
51.6271127375944
51.5335943399219
51.4396017536678
51.3451637840252
51.2503082149082
51.1550618245571
51.0594504032395
50.9634987727349
50.8672308073072
50.7706694559033
50.6738367653370
50.5767539042428
50.4794411876062
50.3819181016946
50.2842033292383
50.1863147747221
50.0882695896663
49.9900841977949
49.8917743199956
49.7933549989935
49.6948406236705
49.5962449529707
49.4975811393458
49.3988617516961
49.3000987977780
49.2013037460480
49.1024875469260
49.0036606534588
48.9048330413771
48.8060142285376
48.7072132937451
48.6084388949607
48.5096992868926
48.4110023379788
48.3123555467678
48.2137660577062
48.1152406763441
48.0167858839696
47.9184078516845
47.8201124539369
47.7219052815210
47.6237916540628
47.5257766320029
47.4278650280948
47.3300614184304
47.2323701530117
47.1347953658802
47.0373409848236
46.9400107406686
46.8428081761822
46.7457366545880
46.6487993677191
46.5519993438159
46.4553394549854
46.3588224243352
46.2624508327924
46.1662271256247
46.0701536186711
45.9742325042964
45.8784658570810
45.7828556392560
45.6874037058959
45.5921118098758
45.4969816066079
45.4020146585626
45.3072124395848
45.2125763390160
45.1181076656278
45.0238076513761
44.9296774549856
44.8357181653684
44.7419308048888
44.6483163324757
44.5548756465934
44.4616095880772
44.3685189428355
44.2756044444303
44.1828667765363
44.0903065752886
43.9979244315193
43.9057208928932
43.8136964659422
43.7218516180073
43.6301867790886
43.5387023436107
43.4473986721059
43.3562760928174
43.2653349032300
43.1745753715281
43.0839977379859
42.9936022162931
42.9033889948177
42.8133582378104
42.7235100865532
42.6338446604529
42.5443620580838
42.4550623581825
42.3659456205945
42.2770118871768
42.1882611826595
42.0996935154645
42.0113088784875
41.9231072498428
41.8350885935724
41.7472528603218
41.6595999879854
41.5721299023197
41.4848425175278
41.3977377368173
41.3108154529311
41.2240755486533
41.1375178972908
41.0511423631334
40.9649488018904
40.8789370611071
40.7931069805632
40.7074583926498
40.6219911227300
40.5367049894822
40.4515998052276
40.3666753762403
40.2819315030453
40.1973679807007
40.1129845990668
40.0287811430626
39.9447573929098
39.8609131243657
39.7772481089455
39.6937621141316
39.6104549035765
39.5273262372933
39.4443758718389
39.3616035604863
39.2790090533919
39.1965920977520
39.1143524379529
39.0322898157151
38.9504039702280
38.8686946382805
38.7871615543849
38.7058044508939
38.6246230581133
38.5436171044082
38.4627863163059
38.3821304185919
38.3016491344024
38.2213421853126
38.1412092914205
38.0612501714265
37.9814645427095
37.9018521213999
37.8224126224482
37.7431457596908
37.6640512459130
37.5851287929087
37.5063781115375
37.4277989117779
37.3493909027815
37.2711537929192
37.1930872898309
37.1151911004684
37.0374649311396
36.9599084875481
36.8825214748328
36.8053035976043
36.7282545599806
36.6513740656210
36.5746618177582
36.4981175192276
36.4217408724989
36.3455315797022
36.2694893426551
36.1936138628886
36.1179048416705
36.0423619800294
35.9669849787761
35.8917735385253
35.8167273597154
35.7418461426275
35.6671295874047
35.5925773940687
35.5181892625374
35.4439648926402
35.3699039841337
35.2960062367168
35.2222713500443
35.1486990237399
35.0752889574099
35.0020408506554
34.9289544030832
34.8560293143181
34.7832652840134
34.7106620118609
34.6382191976010
34.5659365410323
34.4938137420210
34.4218505005091
34.3500465165228
34.2784014901811
34.2069151217033
34.1355871114157
34.0644171597599
33.9934049672991
33.9225502347244
33.8518526628614
33.7813119526767
33.7109278052831
33.6406999219456
33.5706280040869
33.5007117532925
33.4309508713156
33.3613450600822
33.2918940216963
33.2225974584429
33.1534550727944
33.0844665674134
33.0156316451570
32.9469500090815
32.8784213624453
32.8100454087134
32.7418218515605
32.6737503948744
32.6058307427595
32.5380625995410
32.4704456697662
32.4029796582091
32.3356642698729
32.2684992099929
32.2014841840394
32.1346188977200
32.0679030569831
32.0013363680201
31.9349185372676
31.8686492714102
31.8025282773833
31.7365552623745
31.6707299338270
31.6050519994406
31.5395211671753
31.4741371452521
31.4088996421562
31.3438083666381
31.2788630277161
31.2140633346787
31.1494089970855
31.0848997247696
31.0205352278400
30.9563152166821
30.8922394019606
30.8283074946209
30.7645192058908
30.7008742472820
30.6373723305919
30.5740131679051
30.5107964715956
30.4477219543270
30.3847893290559
30.3219983090317
30.2593486077989
30.1968399391989
30.1344720173706
30.0722445567523
30.0101572720832
29.9482098784045
29.8864020910610
29.8247336257021
29.7632041982839
29.7018135250692
29.6405613226304
29.5794473078491
29.5184711979188
29.4576327103452
29.3969315629481
29.3363674738620
29.2759401615377
29.2156493447430
29.1554947425650
29.0954760744095
29.0355930600038
28.9758454193971
28.9162328729613
28.8567551413926
28.7974119457128
28.7382030072695
28.6791280477382
28.6201867891224
28.5613789537553
28.5027042643007
28.4441624437540
28.3857532154429
28.3274763030287
28.2693314305076
28.2113183222111
28.1534367028071
28.0956862973012
28.0380668310373
27.9805780296986
27.9232196193086
27.8659913262323
27.8088928771763
27.7519239991908
27.6950844196696
27.6383738663512
27.5817920673202
27.5253387510073
27.4690136461909
27.4128164819977
27.3567469879033
27.3008048937333
27.2449899296644
27.1893018262243
27.1337403142935
27.0783051251057
27.0229959902484
26.9678126416640
26.9127548116504
26.8578222328620
26.8030146383100
26.7483317613637
26.6937733357507
26.6393390955582
26.5850287752335
26.5308421095842
26.4767788337800
26.4228386833523
26.3690213941959
26.3153267025687
26.2617543450933
26.2083040587569
26.1549755809126
26.1017686492797
26.0486830019445
25.9957183773608
25.9428745143508
25.8901511521055
25.8375480301854
25.7850648885211
25.7327014674141
25.6804575075371
25.6283327499349
25.5763269360247
25.5244398075969
25.4726711068157
25.4210205762195
25.3694879587216
25.3180729976106
25.2667754365513
25.2155950195848
25.1645314911293
25.1135845959808
25.0627540793130
25.0120396866786
24.9614411640094
24.9109582576166
24.8605907141918
24.8103382808072
24.7602007049160
24.7101777343532
24.6602691173357
24.6104746024631
24.5607939387178
24.5112268754661
24.4617731624577
24.4124325498268
24.3632047880926
24.3140896281594
24.2650868213170
24.2161961192413
24.1674172739950
24.1187500380271
24.0701941641743
24.0217494056608
23.9734155160987
23.9251922494890
23.8770793602208
23.8290766030728
23.7811837332131
23.7334005061999
23.6857266779811
23.6381620048957
23.5907062436732
23.5433591514345
23.4961204856920
23.4489900043501
23.4019674657051
23.3550526284461
23.3082452516546
23.2615450948057
23.2149519177673
23.1684654808013
23.1220855445634
23.0758118701035
23.0296442188660
22.9835823526901
22.9376260338096
22.8917750248540
22.8460290888480
22.8003879892118
22.7548514897620
22.7094193547110
22.6640913486676
22.6188672366373
22.5737467840223
22.5287297566219
22.4838159206323
22.4390050426475
22.3942968896587
22.3496912290551
22.3051878286236
22.2607864565493
22.2164868814156
22.1722888722043
22.1281921982956
22.0841966294685
22.0403019359010
21.9965078881699
21.9528142572512
21.9092208145200
21.8657273317511
21.8223335811184
21.7790393351958
21.7358443669564
21.6927484497735
21.6497513574202
21.6068528640694
21.5640527442944
21.5213507730683
21.4787467257647
21.4362403781573
21.3938315064202
21.3515198871281
21.3093052972559
21.2671875141791
21.2251663156739
21.1832414799171
21.1414127854857
21.0996800113579
21.0580429369125
21.0165013419289
20.9750550065871
20.9337037114680
20.8924472375533
20.8512853662254
20.8102178792672
20.7692445588629
20.7283651875969
20.6875795484543
20.6468874248214
20.6062886004845
20.5657828596309
20.5253699868484
20.4850497671254
20.4448219858507
20.4046864288137
20.3646428822040
20.3246911326116
20.2848309670269
20.2450621728404
20.2053845378426
20.1657978502243
20.1263018985761
20.0868964718887
20.0475813595522
20.0083563513569
19.9692212374923
19.9301758085478
19.8912198555117
19.8523531697720
19.8135755431158
19.7748867677291
19.7362866361969
19.6977749415031
19.6593514770302
19.6210160365591
19.5827684142694
19.5446084047386
19.5065358029428
19.4685504042554
19.4306520044482
19.3928403996902
19.3551153865482
19.3174767619861
19.2799243233650
19.2424578684430
19.2050771953749
19.1677821027122
19.1305723894028
19.0934478547906
19.0564082986160
19.0194535210146
18.9825833225184
18.9457975040541
18.9090958669440
18.8724782129054
18.8359443440503
18.7994940628852
18.7631271723110
18.7268434756229
18.6906427765097
18.6545248790541
18.6184895877319
18.5825367074126
18.5466660433582
18.5108774012233
18.4751705870554
18.4395454072937
18.4040016687696
18.3685391787063
18.3331577447179
18.2978571748101
18.2626372773792
18.2274978612122
18.1924387354864
18.1574597097689
18.1225605940170
18.0877411985769
18.0530013341846
18.0183408119644
17.9837594434293
17.9492570404810
17.9148334154085
17.8804883808891
17.8462217499869
17.8120333361534
17.7779229532270
17.7438904154319
17.7099355373790
17.6760581340646
17.6422580208707
17.6085350135641
17.5748889282968
17.5413195816048
17.5078267904086
17.4744103720123
17.4410701441034
17.4078059247524
17.3746175324128
17.3415047859203
17.3084675044925
17.2755055077291
17.2426186156105
17.2098066484988
17.1770694271360
17.1444067726445
17.1118185065270
17.0793044506650
17.0468644273194
17.0144982591300
16.9822057691148
16.9499867806696
16.9178411175680
16.8857686039607
16.8537690643751
16.8218423237153
16.7899882072612
16.7582065406680
16.7264971499670
16.6948598615633
16.6632945022372
16.6318008991425
16.6003788798068
16.5690282721310
16.5377489043886
16.5065406052254
16.4754032036594
16.4443365290798
16.4133404112472
16.3824146802927
16.3515591667177
16.3207737013935
16.2900581155606
16.2594122408287
16.2288359091757
16.1983289529481
16.1678912048596
16.1375224979912
16.1072226657909
16.0769915420727
16.0468289610169
16.0167347571687
15.9867087654388
15.9567508211021
15.9268607597978
15.8970384175285
15.8672836306602
15.8375962359214
15.8079760704029
15.7784229715576
15.7489367771992
15.7195173255025
15.6901644550030
15.6608780045956
15.6316578135349
15.6025037214345
15.5734155682665
15.5443931943609
15.5154364404054
15.4865451474447
15.4577191568801
15.4289583104690
15.4002624503245
15.3716314189147
15.3430650590623
15.3145632139446
15.2861257270921
15.2577524423887
15.2294432040709
15.2011978567274
15.1730162452987
15.1448982150765
15.1168436117032
15.0888522811711
15.0609240698226
15.0330588243493
15.0052563917913
14.9775166195369
14.9498393553222
14.9222244472304
14.8946717436914
14.8671810934814
14.8397523457221
14.8123853498802
14.7850799557674
14.7578360135391
14.7306533736947
14.7035318870763
14.6764714048688
14.6494717785990
14.6225328601355
14.5956545016875
14.5688365558050
14.5420788753776
14.5153813136348
14.4887437241447
14.4621659608136
14.4356478778862
14.4091893299440
14.3827901719054
14.3564502590253
14.3301694468941
14.3039475914374
14.2777845489156
14.2516801759231
14.2256343293880
14.1996468665712
14.1737176450665
14.1478465227993
14.1220333580268
14.0962780093368
14.0705803356476
14.0449401962074
14.0193574505934
13.9938319587119
13.9683635807971
13.9429521774110
13.9175976094426
13.8922997381075
13.8670584249475
13.8418735318294
13.8167449209455
13.7916724548119
13.7666559962690
13.7416954084801
13.7167905549315
13.6919412994314
13.6671475061099
13.6424090394179
13.6177257641271
13.5930975453288
13.5685242484340
13.5440057391725
13.5195418835921
13.4951325480588
13.4707775992556
13.4464769041818
13.4222303301534
13.3980377448014
13.3738990160718
13.3498140122254
13.3257826018364
13.3018046537925
13.2778800372940
13.2540086218535
13.2301902772951
13.2064248737539
13.1827122816755
13.1590523718156
13.1354450152390
13.1118900833195
13.0883874477389
13.0649369804868
13.0415385538600
13.0181920404617
12.9948973132012
12.9716542452930
12.9484627102566
12.9253225819157
12.9022337343981
12.8791960421340
12.8562093798570
12.8332736226021
12.8103886457062
12.7875543248068
12.7647705358419
12.7420371550492
12.7193540589655
12.6967211244263
12.6741382285654
12.6516052488137
12.6291220628992
12.6066885488464
12.5843045849753
12.5619700499015
12.5396848225349
12.5174487820798
12.4952618080336
12.4731237801872
12.4510345786235
12.4289940837175
12.4070021761351
12.3850587368333
12.3631636470589
12.3413167883484
12.3195180425272
12.2977672917094
12.2760644182965
12.2544093049776
12.2328018347285
12.2112418908110
12.1897293567726
12.1682641164458
12.1468460539476
12.1254750536787
12.1041510003233
12.0828737788482
12.0616432745026
12.0404593728170
12.0193219596033
11.9982309209537
11.9771861432401
11.9561875131142
11.9352349175061
11.9143282436244
11.8934673789551
11.8726522112614
11.8518826285832
11.8311585192361
11.8104797718111
11.7898462751741
11.7692579184654
11.7487145910987
11.7282161827611
11.7077625834122
11.6873536832835
11.6669893728781
11.6466695429698
11.6263940846028
11.6061628890912
11.5859758480180
11.5658328532352
11.5457337968625
11.5256785712873
11.5056670691640
11.4856991834132
11.4657748072215
11.4458938340408
11.4260561575874
11.4062616718421
11.3865102710490
11.3668018497156
11.3471363026114
11.3275135247682
11.3079334114790
11.2883958582976
11.2689007610380
11.2494480157740
11.2300375188384
11.2106691668227
11.1913428565763
11.1720584852062
11.1528159500761
11.1336151488064
11.1144559792728
11.0953383396067
11.0762621281940
11.0572272436747
11.0382335849426
11.0192810511443
11.0003695416789
10.9814989561977
10.9626691946031
10.9438801570485
10.9251317439375
10.9064238559236
10.8877563939091
10.8691292590455
10.8505423527319
10.8319955766154
10.8134888325896
10.7950220227950
10.7765950496178
10.7582078156897
10.7398602238870
10.7215521773305
10.7032835793847
10.6850543336572
10.6668643439983
10.6487135145005
10.6306017494977
10.6125289535651
10.5944950315181
10.5764998884123
10.5585434295424
10.5406255604424
10.5227461868843
10.5049052148781
10.4871025506709
10.4693381007467
10.4516117718256
10.4339234708635
10.4162731050511
10.3986605818141
10.3810858088119
10.3635486939379
10.3460491453179
10.3285870713106
10.3111623805066
10.2937749817279
10.2764247840270
10.2591116966874
10.2418356292219
10.2245964913729
10.2073941931114
10.1902286446368
10.1730997563761
10.1560074389835
10.1389516033401
10.1219321605527
10.1049490219542
10.0880020991023
10.0710913037795
10.0542165479922
10.0373777439705
10.0205748041673
10.0038076412583
9.98707616814093
9.97038029793436
9.95371994397854
9.93709501983383
9.92050543928069
9.90395111631888
9.88743196516709
9.87094790026240
9.85449883625985
9.83808468803171
9.82170537066720
9.80536079947185
9.78905088996705
9.77277555788960
9.75653471919093
9.74032829003698
9.72415618680742
9.70801832609525
9.69191462470621
9.67584499965845
9.65980936818186
9.64380764771758
9.62783975591756
9.61190561064418
9.59600512996939
9.58013823217463
9.56430483574998
9.54850485939391
9.53273822201268
9.51700484271986
9.50130464083573
9.48563753588709
9.47000344760632
9.45440229593129
9.43883400100469
9.42329848317345
9.40779566298848
9.39232546120393
9.37688779877704
9.36148259686713
9.34610977683565
9.33076926024535
9.31546096886001
9.30018482464371
9.28494074976060
9.26972866657427
9.25454849764720
9.23940016574062
9.22428359381351
9.20919870502258
9.19414542272148
9.17912367046065
9.16413337198634
9.14917445124073
9.13424683236095
9.11935043967885
9.10448519772062
9.08965103120598
9.07484786504805
9.06007562435272
9.04533423441815
9.03062362073437
9.01594370898274
9.00129442503559
8.98667569495567
8.97208744499571
8.95752960159788
8.94300209139343
8.92850484120220
8.91403777803214
8.89960082907886
8.88519392172501
8.87081698354017
8.85646994228010
8.84215272588624
8.82786526248558
8.81360748038983
8.79937930809521
8.78518067428189
8.77101150781357
8.75687173773694
8.74276129328138
8.72868010385835
8.71462809906111
8.70060520866402
8.68661136262240
8.67264649107178
8.65871052432774
8.64480339288508
8.63092502741782
8.61707535877845
8.60325431799761
8.58946183628351
8.57569784502167
8.56196227577443
8.54825506028027
8.53457613045381
8.52092541838495
8.50730285633869
8.49370837675459
8.48014191224633
8.46660339560136
8.45309275978022
8.43960993791654
8.42615486331608
8.41272746945676
8.39932768998795
8.38595545873009
8.37261070967434
8.35929337698204
8.34600339498445
8.33274069818197
8.31950522124428
8.30629689900926
8.29311566648311
8.27996145883963
8.26683421141978
8.25373385973153
8.24066033944905
8.22761358641263
8.21459353662810
8.20160012626629
8.18863329166294
8.17569296931799
8.16277909589529
8.14989160822213
8.13703044328886
8.12419553824851
8.11138683041622
8.09860425726908
8.08584775644546
8.07311726574477
8.06041272312702
8.04773406671233
8.03508123478057
8.02245416577097
8.00985279828175
7.99727707106962
7.98472692304938
7.97220229329360
7.95970312103219
7.94722934565192
7.93478090669614
7.92235774386424
7.90995979701132
7.89758700614792
7.88523931143931
7.87291665320542
7.86061897192024
7.84834620821151
7.83609830286023
7.82387519680036
7.81167683111852
7.79950314705329
7.78735408599510
7.77522958948577
7.76312959921802
7.75105405703522
7.73900290493091
7.72697608504839
7.71497353968044
7.70299521126891
7.69104104240419
7.67911097582502
7.66720495441800
7.65532292121719
7.64346481940385
7.63163059230590
7.61982018339769
7.60803353629944
7.59627059477706
7.58453130274167
7.57281560424920
7.56112344350006
7.54945476483879
7.53780951275356
7.52618763187601
7.51458906698065
7.50301376298464
7.49146166494734
7.47993271807002
7.46842686769537
7.45694405930729
7.44548423853038
7.43404735112963
7.42263334301006
7.41124216021633
7.39987374893242
7.38852805548127
7.37720502632429
7.36590460806122
7.35462674742956
7.34337139130428
7.33213848669752
7.32092798075819
7.30973982077162
7.29857395415911
7.28743032847779
7.27630889141998
7.26520959081309
7.25413237461915
7.24307719093446
7.23204398798924
7.22103271414726
7.21004331790558
7.19907574789415
7.18812995287534
7.17720588174379
7.16630348352595
7.15542270737979
7.14456350259435
7.13372581858958
7.12290960491572
7.11211481125333
7.10134138741253
7.09058928333301
7.07985844908351
7.06914883486148
7.05846039099285
7.04779306793156
7.03714681625929
7.02652158668514
7.01591733004525
7.00533399730249
6.99477153954618
6.98422990799159
6.97370905397976
6.96320892897717
6.95272948457535
6.94227067249046
6.93183244456323
6.92141475275829
6.91101754916416
6.90064078599273
6.89028441557897
6.87994839038057
6.86963266297779
6.85933718607291
6.84906191249004
6.83880679517471
6.82857178719370
6.81835684173457
6.80816191210535
6.79798695173434
6.78783191416968
6.77769675307903
6.76758142224934
6.75748587558643
6.74741006711484
6.73735395097723
6.72731748143441
6.71730061286475
6.70730329976398
6.69732549674489
6.68736715853704
6.67742823998633
6.66750869605487
6.65760848182050
6.64772755247656
6.63786586333159
6.62802336980900
6.61820002744684
6.60839579189735
6.59861061892677
6.58884446441504
6.57909728435539
6.56936903485415
6.55965967213041
6.54996915251574
6.54029743245381
6.53064446850021
6.52101021732207
6.51139463569779
6.50179768051671
6.49221930877886
6.48265947759466
6.47311814418468
6.46359526587910
6.45409080011775
6.44460470444966
6.43513693653267
6.42568745413333
6.41625621512654
6.40684317749517
6.39744829932985
6.38807153882876
6.37871285429718
6.36937220414734
6.36004954689800
6.35074484117434
6.34145804570751
6.33218911933445
6.32293802099759
6.31370470974449
6.30448914472765
6.29529128520423
6.28611109053571
6.27694852018763
6.26780353372937
6.25867609083376
6.24956615127692
6.24047367493790
6.23139862179845
6.22234095194272
6.21330062555703
6.20427760292950
6.19527184444989
6.18628331060923
6.17731196199968
6.16835775931410
6.15942066334588
6.15050063498865
6.14159763523599
6.13271162518121
6.12384256601703
6.11499041903533
6.10615514562693
6.09733670728121
6.08853506558600
6.07975018222715
6.07098201898846
6.06223053775121
6.05349570049406
6.04477746929269
6.03607580631962
6.02739067384388
6.01872203423074
6.01006984994158
6.00143408353342
5.99281469765892
5.98421165506589
5.97562491859713
5.96705445119028
5.95850021587734
5.94996217578463
5.94144029413233
5.93293453423448
5.92444485949852
5.91597123342510
5.90751361960786
5.89907198173316
5.89064628357982
5.88223648901890
5.87384256201339
5.86546446661806
5.85710216697914
5.84875562733407
5.84042481201133
5.83210968543005
5.82381021209997
5.81552635662102
5.80725808368315
5.79900535806607
5.79076814463911
5.78254640836074
5.77434011427857
5.76614922752905
5.75797371333708
5.74981353701602
5.74166866396722
5.73353905967998
5.72542468973114
5.71732551978500
5.70924151559288
5.70117264299317
5.69311886791083
5.68508015635734
5.67705647443034
5.66904778831347
5.66105406427611
5.65307526867320
5.64511136794491
5.63716232861650
5.62922811729805
5.62130870068428
5.61340404555421
5.60551411877110
5.59763888728202
5.58977831811784
5.58193237839283
5.57410103530450
5.56628425613344
5.55848200824299
5.55069425907904
5.54292097616987
5.53516212712589
5.52741767963937
5.51968760148435
5.51197186051622
5.50427042467175
5.49658326196860
5.48891034050534
5.48125162846107
5.47360709409533
5.46597670574771
5.45836043183788
5.45075824086510
5.44317010140825
5.43559598212543
5.42803585175384
5.42048967910960
5.41295743308740
5.40543908266046
5.39793459688015
5.39044394487597
5.38296709585510
5.37550401910244
5.36805468398020
5.36061905992782
5.35319711646172
5.34578882317503
5.33839414973752
5.33101306589527
5.32364554147051
5.31629154636144
5.30895105054194
5.30162402406153
5.29431043704493
5.28701025969211
5.27972346227789
5.27245001515185
5.26518988873806
5.25794305353494
5.25070948011500
5.24348913912473
5.23628200128430
5.22908803738737
5.22190721830101
5.21473951496534
5.20758489839344
5.20044333967116
5.19331480995683
5.18619928048114
5.17909672254693
5.17200710752899
5.16493040687389
5.15786659209974
5.15081563479602
5.14377750662342
5.13675217931360
5.12973962466899
5.12273981456268
5.11575272093812
5.10877831580904
5.10181657125916
5.09486745944207
5.08793095258102
5.08100702296873
5.07409564296721
5.06719678500754
5.06031042158977
5.05343652528260
5.04657506872333
5.03972602461761
5.03288936573921
5.02606506492997
5.01925309509946
5.01245342922493
5.00566604035104
4.99889090158971
4.99212798611994
4.98537726718763
4.97863871810541
4.97191231225243
4.96519802307418
4.95849582408238
4.95180568885469
4.94512759103463
4.93846150433139
4.93180740251958
4.92516525943913
4.91853504899506
4.91191674515739
4.90531032196085
4.89871575350475
4.89213301395287
4.88556207753326
4.87900291853794
4.87245551132292
4.86591983030789
4.85939584997614
4.85288354487426
4.84638288961219
4.83989385886278
4.83341642736183
4.82695056990784
4.82049626136182
4.81405347664720
4.80762219074954
4.80120237871650
4.79479401565754
4.78839707674390
4.78201153720831
4.77563737234486
4.76927455750885
4.76292306811665
4.75658287964548
4.75025396763327
4.74393630767850
4.73762987544006
4.73133464663703
4.72505059704858
4.71877770251376
4.71251593893137
4.70626528225976
4.70002570851678
4.69379719377947
4.68757971418395
4.68137324592533
4.67517776525750
4.66899324849298
4.66281967200270
4.65665701221600
4.65050524562026
4.64436434876095
4.63823429824134
4.63211507072239
4.62600664292259
4.61990899161787
4.61382209364123
4.60774592588293
4.60168046529000
4.59562568886632
4.58958157367234
4.58354809682497
4.57752523549747
4.57151296691918
4.56551126837555
4.55952011720782
4.55353949081290
4.54756936664336
4.54160972220712
4.53566053506734
4.52972178284234
4.52379344320535
4.51787549388449
4.51196791266247
4.50607067737658
4.50018376591849
4.49430715623402
4.48844082632319
4.48258475423990
4.47673891809184
4.47090329604039
4.46507786630040
4.45926260714010
4.45345749688096
4.44766251389752
4.44187763661724
4.43610284352041
4.43033811313992
4.42458342406128
4.41883875492225
4.41310408441292
4.40737939127541
4.40166465430384
4.39595985234409
4.39026496429379
4.38457996910205
4.37890484576945
4.37323957334772
4.36758413093981
4.36193849769967
4.35630265283203
4.35067657559240
4.34506024528681
4.33945364127182
4.33385674295425
4.32826952979111
4.32269198128944
4.31712407700621
4.31156579654815
4.30601711957163
4.30047802578260
4.29494849493630
4.28942850683725
4.28391804133910
4.27841707834447
4.27292559780486
4.26744357972043
4.26197100414001
4.25650785116087
4.25105410092857
4.24560973363696
4.24017472952790
4.23474906889125
4.22933273206462
4.22392569943341
4.21852795143049
4.21313946853624
4.20776023127834
4.20239022023163
4.19702941601806
4.19167779930647
4.18633535081256
4.18100205129866
4.17567788157369
4.17036282249304
4.16505685495838
4.15975995991759
4.15447211836460
4.14919331133928
4.14392351992739
4.13866272526031
4.13341090851504
4.12816805091404
4.12293413372513
4.11770913826130
4.11249304588068
4.10728583798635
4.10208749602629
4.09689800149314
4.09171733592428
4.08654548090145
4.08138241805093
4.07622812904313
4.07108259559266
4.06594579945823
4.06081772244236
4.05569834639139
4.05058765319542
4.04548562478801
4.04039224314624
4.03530749029052
4.03023134828443
4.02516379923471
4.02010482529110
4.01505440864614
4.01001253153522
4.00497917623631
3.99995432507000
3.99493796039922
3.98993006462927
3.98493062020764
3.97993960962385
3.97495701540950
3.96998282013795
3.96501700642442
3.96005955692568
3.95511045434009
3.95016968140743
3.94523722090875
3.94031305566638
3.93539716854369
3.93048954244506
3.92559016031574
3.92069900514175
3.91581605994979
3.91094130780708
3.90607473182135
3.90121631514061
3.89636604095315
3.89152389248736
3.88668985301165
3.88186390583440
3.87704603430373
3.87223622180752
3.86743445177323
3.86264070766780
3.85785497299762
3.85307723130831
3.84830746618471
3.84354566125072
3.83879180016927
3.83404586664208
3.82930784440972
3.82457771725143
3.81985546898493
3.81514108346654
3.81043454459084
3.80573583629075
3.80104494253730
3.79636184733961
3.79168653474479
3.78701898883775
3.78235919374122
3.77770713361560
3.77306279265880
3.76842615510625
3.76379720523075
3.75917592734234
3.75456230578823
3.74995632495275
3.74535796925716
3.74076722315961
3.73618407115509
3.73160849777519
3.72704048758816
3.72248002519870
3.71792709524793
3.71338168241327
3.70884377140834
3.70431334698290
3.69979039392269
3.69527489704940
3.69076684122055
3.68626621132937
3.68177299230476
3.67728716911116
3.67280872674848
3.66833765025191
3.66387392469206
3.65941753517456
3.65496846684026
3.65052670486488
3.64609223445915
3.64166504086854
3.63724510937325
3.63283242528815
3.62842697396261
3.62402874078041
3.61963771115979
3.61525387055317
3.61087720444718
3.60650769836253
3.60214533785394
3.59779010851004
3.59344199595325
3.58910098583978
3.58476706385944
3.58044021573561
3.57612042722514
3.57180768411827
3.56750197223854
3.56320327744265
3.55891158562048
3.55462688269494
3.55034915462185
3.54607838738994
3.54181456702065
3.53755767956821
3.53330771111937
3.52906464779344
3.52482847574218
3.52059918114966
3.51637675023224
3.51216116923849
3.50795242444903
3.50375050217656
3.49955538876565
3.49536707059276
3.49118553406611
3.48701076562558
3.48284275174271
3.47868147892048
3.47452693369340
3.47037910262725
3.46623797231915
3.46210352939739
3.45797576052136
3.45385465238150
3.44974019169919
3.44563236522671
3.44153115974706
3.43743656207407
3.43334855905207
3.42926713755602
3.42519228449136
3.42112398679390
3.41706223142973
3.41300700539522
3.40895829571692
3.40491608945142
3.40088037368529
3.39685113553508
3.39282836214717
3.38881204069769
3.38480215839249
3.38079870246700
3.37680166018622
3.37281101884459
3.36882676576597
3.36484888830348
3.36087737383952
3.35691220978564
3.35295338358246
3.34900088269958
3.34505469463560
3.34111480691797
3.33718120710284
3.33325388277518
3.32933282154850
3.32541801106496
3.32150943899514
3.31760709303807
3.31371096092110
3.30982103039988
3.30593728925821
3.30205972530805
3.29818832638939
3.29432308037023
3.29046397514641
3.28661099864168
3.28276413880748
3.27892338362303
3.27508872109506
3.27126013925795
3.26743762617348
3.26362116993089
3.25981075864673
3.25600638046481
3.25220802355617
3.24841567611893
3.24462932637830
3.24084896258647
3.23707457302253
3.23330614599244
3.22954366982893
3.22578713289144
3.22203652356605
3.21829183026542
3.21455304142870
3.21082014552151
3.20709313103581
3.20337198648985
3.19965670042815
3.19594726142139
3.19224365806633
3.18854587898580
3.18485391282851
3.18116774826920
3.17748737400833
3.17381277877220
3.17014395131277
3.16648088040764
3.16282355486002
3.15917196349856
3.15552609517742
3.15188593877607
3.14825148319934
3.14462271737726
3.14099963026508
3.13738221084317
3.13377044811688
3.13016433111665
3.12656384889777
3.12296899054043
3.11937974514958
3.11579610185494
3.11221804981089
3.10864557819641
3.10507867621503
3.10151733309475
3.09796153808803
3.09441128047165
3.09086654954668
3.08732733463844
3.08379362509645
3.08026541029429
3.07674267962960
3.07322542252406
3.06971362842320
3.06620728679647
3.06270638713711
3.05921091896210
3.05572087181211
3.05223623525142
3.04875699886791
3.04528315227292
3.04181468510125
3.03835158701113
3.03489384768404
3.03144145682477
3.02799440416132
3.02455267944483
3.02111627244953
3.01768517297268
3.01425937083450
3.01083885587816
3.00742361796966
3.00401364699779
3.00060893287411
2.99720946553285
2.99381523493085
2.99042623104755
2.98704244388488
2.98366386346722
2.98029047984136
2.97692228307644
2.97355926326386
2.97020141051728
2.96684871497248
2.96350116678741
2.96015875614208
2.95682147323844
2.95348930830047
2.95016225157398
2.94684029332665
2.94352342384795
2.94021163344905
2.93690491246282
2.93360325124373
2.93030664016782
2.92701506963265
2.92372853005721
2.92044701188192
2.91717050556854
2.91389900160011
2.91063249048091
2.90737096273643
2.90411440891327
2.90086281957912
2.89761618532271
2.89437449675372
2.89113774450275
2.88790591922130
2.88467901158165
2.88145701227686
2.87823991202073
2.87502770154765
2.87182037161269
2.86861791299145
2.86542031648001
2.86222757289494
2.85903967307319
2.85585660787207
2.85267836816917
2.84950494486237
2.84633632886971
2.84317251112939
2.84001348259970
2.83685923425901
2.83370975710563
2.83056504215786
2.82742508045388
2.82428986305172
2.82115938102921
2.81803362548390
2.81491258753309
2.81179625831369
2.80868462898221
2.80557769071473
2.80247543470682
2.79937785217349
2.79628493434918
2.79319667248767
2.79011305786207
2.78703408176471
2.78395973550715
2.78089001042012
2.77782489785347
2.77476438917611
2.77170847577596
2.76865714905993
2.76561040045385
2.76256822140242
2.75953060336917
2.75649753783645
2.75346901630530
2.75044503029549
2.74742557134540
2.74441063101202
2.74140020087092
2.73839427251615
2.73539283756020
2.73239588763403
2.72940341438690
2.72641540948646
2.72343186461859
2.72045277148742
2.71747812181526
2.71450790734258
2.71154211982792
2.70858075104789
2.70562379279709
2.70267123688810
2.69972307515140
2.69677929943536
2.69383990160617
2.69090487354782
2.68797420716199
2.68504789436814
2.68212592710330
2.67920829732216
2.67629499699696
2.67338601811746
2.67048135269091
2.66758099274197
2.66468493031274
2.66179315746260
2.65890566626832
2.65602244882384
2.65314349724042
2.65026880364643
2.64739836018739
2.64453215902593
2.64167019234171
2.63881245233143
2.63595893120872
2.63310962120418
2.63026451456525
2.62742360355624
2.62458688045826
2.62175433756916
2.61892596720354
2.61610176169265
2.61328171338438
2.61046581464324
2.60765405785026
2.60484643540300
2.60204293971551
2.59924356321824
2.59644829835806
2.59365713759816
2.59087007341810
2.58808709831364
2.58530820479681
2.58253338539584
2.57976263265510
2.57699593913506
2.57423329741230
2.57147470007938
2.56872013974491
2.56596960903341
2.56322310058537
2.56048060705707
2.55774212112073
2.55500763546429
2.55227714279149
2.54955063582178
2.54682810729033
2.54410954994786
2.54139495656081
2.53868431991112
2.53597763279629
2.53327488802929
2.53057607843855
2.52788119686795
2.52519023617670
2.52250318923939
2.51982004894589
2.51714080820136
2.51446545992618
2.51179399705590
2.50912641254127
2.50646269934811
2.50380285045737
2.50114685886502
2.49849471758204
2.49584641963436
2.49320195806290
2.49056132592343
2.48792451628662
2.48529152223793
2.48266233687762
2.48003695332074
2.47741536469701
2.47479756415087
2.47218354484139
2.46957329994224
2.46696682264171
2.46436410614256
2.46176514366213
2.45916992843218
2.45657845369894
2.45399071272300
2.45140669877936
2.44882640515732
2.44624982516049
2.44367695210672
2.44110777932811
2.43854230017096
2.43598050799569
2.43342239617688
2.43086795810317
2.42831718717729
2.42577007681595
2.42322662044987
2.42068681152375
2.41815064349614
2.41561810983956
2.41308920404030
2.41056391959853
2.40804225002818
2.40552418885693
2.40300972962620
2.40049886589108
2.39799159122029
2.39548789919623
2.39298778341483
2.39049123748560
2.38799825503157
2.38550882968927
2.38302295510864
2.38054062495311
2.37806183289947
2.37558657263784
2.37311483787173
2.37064662231789
2.36818191970637
2.36572072378043
2.36326302829655
2.36080882702436
2.35835811374663
2.35591088225923
2.35346712637112
2.35102683990430
2.34859001669376
2.34615665058748
2.34372673544641
2.34130026514437
2.33887723356812
2.33645763461724
2.33404146220414
2.33162871025404
2.32921937270490
2.32681344350742
2.32441091662501
2.32201178603377
2.31961604572238
2.31722368969219
2.31483471195711
2.31244910654360
2.31006686749066
2.30768798884973
2.30531246468477
2.30294028907213
2.30057145610059
2.29820595987128
2.29584379449768
2.29348495410560
2.29112943283311
2.28877722483052
2.28642832426043
2.28408272529755
2.28174042212883
2.27940140895332
2.27706567998218
2.27473322943867
2.27240405155808
2.27007814058772
2.26775549078691
2.26543609642695
2.26311995179103
2.26080705117429
2.25849738888374
2.25619095923823
2.25388775656844
2.25158777521685
2.24929100953771
2.24699745389699
2.24470710267241
2.24241995025333
2.24013599104079
2.23785521944748
2.23557762989764
2.23330321682712
2.23103197468331
2.22876389792512
2.22649898102292
2.22423721845861
2.22197860472547
2.21972313432821
2.21747080178292
2.21522160161706
2.21297552836941
2.21073257659003
2.20849274084027
2.20625601569278
2.20402239573135
2.20179187555101
2.19956444975796
2.19734011296953
2.19511885981418
2.19290068493145
2.19068558297196
2.18847354859735
2.18626457648027
2.18405866130437
2.18185579776426
2.17965598056549
2.17745920442450
2.17526546406861
2.17307475423604
2.17088706967579
2.16870240514771
2.16652075542238
2.16434211528120
2.16216647951624
2.15999384293032
2.15782420033691
2.15565754656015
2.15349387643481
2.15133318480625
2.14917546653045
2.14702071647389
2.14486892951363
2.14272010053719
2.14057422444261
2.13843129613836
2.13629131054336
2.13415426258694
2.13202014720877
2.12988895935896
2.12776069399789
2.12563534609624
2.12351291063503
2.12139338260553
2.11927675700918
2.11716302885775
2.11505219317312
2.11294424498732
2.11083917934261
2.10873699129129
2.10663767589578
2.10454122822859
2.10244764337225
2.10035691641932
2.09826904247240
2.09618401664402
2.09410183405667
2.09202248984278
2.08994597914473
2.08787229711472
2.08580143891484
2.08373339971704
2.08166817470303
2.07960575906439
2.07754614800240
2.07548933672813
2.07343532046238
2.07138409443561
2.06933565388801
2.06728999406939
2.06524711023922
2.06320699766657
2.06116965163009
2.05913506741804
2.05710324032819
2.05507416566783
2.05304783875377
2.05102425491230
2.04900340947917
2.04698529779953
